 &plot nbnd=  18, nks=   141 /
            0.000000  0.000000  0.000000
  -16.067  -16.067  -16.067  -16.048  -16.048  -15.867  -15.867  -15.867  -15.844  -15.844
   -3.567    8.351    8.811    8.811    8.811   11.341   11.341   11.341
            0.000000  0.050000  0.000000
  -16.067  -16.064  -16.064  -16.040  -16.030  -15.856  -15.846  -15.846  -15.844  -15.833
   -3.557    8.066    8.764    8.764    9.092   11.309   11.403   11.403
            0.000000  0.100000  0.000000
  -16.064  -16.059  -16.059  -16.037  -16.028  -15.857  -15.842  -15.840  -15.840  -15.830
   -3.528    7.632    8.635    8.635    9.517   11.217   11.570   11.570
            0.000000  0.150000  0.000000
  -16.066  -16.060  -16.060  -16.036  -16.024  -15.864  -15.843  -15.840  -15.840  -15.827
   -3.479    7.181    8.450    8.450    9.946   11.077   11.817   11.817
            0.000000  0.200000  0.000000
  -16.063  -16.063  -16.062  -16.028  -16.018  -15.866  -15.839  -15.837  -15.837  -15.827
   -3.412    6.729    8.232    8.232   10.358   10.909   12.120   12.120
            0.000000  0.250000  0.000000
  -16.066  -16.066  -16.063  -16.026  -16.012  -15.874  -15.842  -15.835  -15.835  -15.826
   -3.325    6.277    8.000    8.000   10.726   10.738   12.462   12.462
            0.000000  0.300000  0.000000
  -16.069  -16.069  -16.064  -16.019  -16.005  -15.880  -15.845  -15.833  -15.833  -15.824
   -3.219    5.827    7.765    7.765   10.539   11.066   12.829   12.829
            0.000000  0.350000  0.000000
  -16.074  -16.074  -16.063  -16.015  -15.995  -15.887  -15.856  -15.830  -15.830  -15.823
   -3.094    5.381    7.534    7.534   10.355   11.316   13.216   13.216
            0.000000  0.400000  0.000000
  -16.077  -16.077  -16.063  -16.012  -15.987  -15.897  -15.861  -15.829  -15.829  -15.824
   -2.950    4.938    7.311    7.311   10.181   11.462   13.616   13.616
            0.000000  0.450000  0.000000
  -16.077  -16.077  -16.058  -16.002  -15.975  -15.902  -15.860  -15.823  -15.821  -15.821
   -2.788    4.500    7.101    7.101   10.021   11.491   14.027   14.027
            0.000000  0.500000  0.000000
  -16.076  -16.076  -16.054  -15.996  -15.965  -15.911  -15.858  -15.824  -15.813  -15.813
   -2.608    4.067    6.904    6.904    9.877   11.414   14.444   14.444
            0.000000  0.550000  0.000000
  -16.078  -16.078  -16.051  -15.990  -15.956  -15.921  -15.864  -15.826  -15.809  -15.809
   -2.410    3.638    6.723    6.723    9.751   11.260   14.865   14.865
            0.000000  0.600000  0.000000
  -16.077  -16.077  -16.050  -15.985  -15.951  -15.932  -15.868  -15.832  -15.806  -15.806
   -2.193    3.215    6.558    6.558    9.646   11.060   15.288   15.288
            0.000000  0.650000  0.000000
  -16.075  -16.075  -16.046  -15.974  -15.942  -15.938  -15.872  -15.834  -15.797  -15.797
   -1.960    2.798    6.411    6.411    9.562   10.841   15.713   15.713
            0.000000  0.700000  0.000000
  -16.078  -16.078  -16.039  -15.968  -15.949  -15.929  -15.879  -15.839  -15.796  -15.796
   -1.710    2.388    6.283    6.283    9.500   10.620   16.132   16.132
            0.000000  0.750000  0.000000
  -16.077  -16.077  -16.036  -15.964  -15.961  -15.923  -15.883  -15.851  -15.798  -15.798
   -1.443    1.986    6.173    6.173    9.461   10.407   16.541   16.541
            0.000000  0.800000  0.000000
  -16.079  -16.079  -16.032  -15.974  -15.953  -15.914  -15.891  -15.858  -15.796  -15.796
   -1.161    1.591    6.083    6.083    9.446   10.209   16.934   16.934
            0.000000  0.850000  0.000000
  -16.079  -16.079  -16.023  -15.978  -15.944  -15.905  -15.896  -15.861  -15.791  -15.791
   -0.863    1.207    6.012    6.012    9.456   10.031   17.294   17.294
            0.000000  0.900000  0.000000
  -16.080  -16.080  -16.019  -15.988  -15.937  -15.904  -15.900  -15.869  -15.790  -15.790
   -0.551    0.832    5.962    5.962    9.489    9.874   17.598   17.598
            0.000000  0.950000  0.000000
  -16.076  -16.076  -16.013  -15.997  -15.926  -15.911  -15.893  -15.876  -15.782  -15.782
   -0.224    0.468    5.931    5.931    9.548    9.740   17.811   17.811
            0.000000  1.000000  0.000000
  -16.077  -16.077  -16.005  -16.005  -15.918  -15.918  -15.884  -15.884  -15.782  -15.782
    0.116    0.116    5.921    5.921    9.632    9.632   17.888   17.888
            0.012500  1.000000  0.012500
  -16.077  -16.077  -16.005  -16.005  -15.918  -15.918  -15.885  -15.884  -15.782  -15.782
    0.115    0.117    5.914    5.922    9.633    9.644   17.875   17.880
            0.025000  1.000000  0.025000
  -16.077  -16.077  -16.005  -16.004  -15.918  -15.918  -15.885  -15.884  -15.782  -15.781
    0.112    0.121    5.892    5.925    9.636    9.680   17.837   17.856
            0.037500  1.000000  0.037500
  -16.080  -16.077  -16.007  -16.006  -15.920  -15.919  -15.889  -15.885  -15.784  -15.782
    0.107    0.128    5.858    5.931    9.640    9.738   17.776   17.818
            0.050000  1.000000  0.050000
  -16.082  -16.078  -16.006  -16.005  -15.921  -15.920  -15.890  -15.885  -15.786  -15.783
    0.100    0.138    5.811    5.938    9.647    9.819   17.697   17.765
            0.062500  1.000000  0.062500
  -16.083  -16.079  -16.006  -16.006  -15.926  -15.921  -15.891  -15.886  -15.788  -15.783
    0.092    0.151    5.755    5.948    9.656    9.919   17.603   17.700
            0.075000  1.000000  0.075000
  -16.083  -16.079  -16.006  -16.004  -15.926  -15.918  -15.891  -15.886  -15.788  -15.783
    0.081    0.167    5.690    5.960    9.667   10.037   17.498   17.623
            0.087500  1.000000  0.087500
  -16.084  -16.079  -16.008  -16.002  -15.927  -15.920  -15.893  -15.888  -15.787  -15.783
    0.068    0.185    5.620    5.973    9.679   10.171   17.384   17.535
            0.100000  1.000000  0.100000
  -16.087  -16.079  -16.011  -15.999  -15.927  -15.926  -15.894  -15.888  -15.786  -15.785
    0.053    0.206    5.545    5.989    9.693   10.320   17.264   17.438
            0.112500  1.000000  0.112500
  -16.088  -16.079  -16.011  -15.997  -15.926  -15.924  -15.896  -15.887  -15.785  -15.785
    0.035    0.230    5.467    6.007    9.710   10.481   17.139   17.334
            0.125000  1.000000  0.125000
  -16.089  -16.083  -16.011  -15.994  -15.926  -15.925  -15.899  -15.887  -15.786  -15.785
    0.015    0.257    5.388    6.027    9.728   10.654   17.010   17.223
            0.137500  1.000000  0.137500
  -16.087  -16.083  -16.008  -15.991  -15.927  -15.925  -15.900  -15.887  -15.786  -15.785
   -0.008    0.287    5.309    6.050    9.749   10.837   16.879   17.107
            0.150000  1.000000  0.150000
  -16.088  -16.083  -16.008  -15.987  -15.927  -15.924  -15.902  -15.887  -15.785  -15.784
   -0.033    0.320    5.232    6.074    9.770   11.029   16.747   16.986
            0.162500  1.000000  0.162500
  -16.092  -16.083  -16.009  -15.986  -15.930  -15.926  -15.907  -15.888  -15.788  -15.785
   -0.061    0.355    5.157    6.100    9.794   11.228   16.614   16.862
            0.175000  1.000000  0.175000
  -16.094  -16.083  -16.010  -15.986  -15.931  -15.926  -15.906  -15.888  -15.788  -15.787
   -0.093    0.393    5.085    6.128    9.819   11.434   16.481   16.733
            0.187500  1.000000  0.187500
  -16.095  -16.083  -16.010  -15.982  -15.931  -15.926  -15.909  -15.888  -15.788  -15.787
   -0.127    0.434    5.016    6.158    9.846   11.648   16.348   16.603
            0.200000  1.000000  0.200000
  -16.096  -16.083  -16.010  -15.975  -15.932  -15.925  -15.911  -15.888  -15.788  -15.783
   -0.164    0.478    4.953    6.190    9.874   11.868   16.217   16.472
            0.212500  1.000000  0.212500
  -16.099  -16.084  -16.010  -15.971  -15.933  -15.925  -15.915  -15.888  -15.789  -15.784
   -0.205    0.525    4.894    6.224    9.904   12.092   16.086   16.339
            0.225000  1.000000  0.225000
  -16.099  -16.085  -16.010  -15.968  -15.929  -15.929  -15.918  -15.888  -15.789  -15.784
   -0.249    0.575    4.841    6.260    9.935   12.320   15.957   16.204
            0.237500  1.000000  0.237500
  -16.100  -16.085  -16.010  -15.964  -15.929  -15.929  -15.922  -15.888  -15.789  -15.783
   -0.296    0.627    4.794    6.297    9.968   12.553   15.830   16.070
            0.250000  1.000000  0.250000
  -16.099  -16.084  -16.010  -15.959  -15.928  -15.922  -15.921  -15.884  -15.787  -15.778
   -0.346    0.682    4.752    6.336   10.002   12.789   15.705   15.936
            0.262500  0.975000  0.262500
  -16.103  -16.086  -16.012  -15.960  -15.937  -15.930  -15.921  -15.886  -15.791  -15.784
   -0.413    0.754    4.723    6.380   10.039   13.028   15.530   15.784
            0.275000  0.950000  0.275000
  -16.104  -16.087  -16.012  -15.955  -15.941  -15.935  -15.920  -15.884  -15.793  -15.785
   -0.502    0.845    4.714    6.429   10.082   13.270   15.281   15.601
            0.287500  0.925000  0.287500
  -16.102  -16.087  -16.013  -15.948  -15.945  -15.937  -15.917  -15.884  -15.794  -15.785
   -0.600    0.942    4.727    6.483   10.129   13.507   15.002   15.393
            0.300000  0.900000  0.300000
  -16.102  -16.087  -16.013  -15.949  -15.946  -15.937  -15.912  -15.883  -15.794  -15.783
   -0.702    1.037    4.763    6.543   10.180   13.714   14.742   15.169
            0.312500  0.875000  0.312500
  -16.101  -16.086  -16.014  -15.953  -15.950  -15.933  -15.909  -15.883  -15.794  -15.784
   -0.803    1.124    4.823    6.607   10.233   13.817   14.589   14.933
            0.325000  0.850000  0.325000
  -16.100  -16.086  -16.016  -15.956  -15.953  -15.930  -15.905  -15.881  -15.794  -15.786
   -0.900    1.201    4.909    6.676   10.284   13.716   14.650   14.693
            0.337500  0.825000  0.337500
  -16.099  -16.084  -16.017  -15.959  -15.957  -15.924  -15.902  -15.880  -15.794  -15.787
   -0.994    1.266    5.020    6.748   10.331   13.488   14.452   14.852
            0.350000  0.800000  0.350000
  -16.100  -16.083  -16.018  -15.964  -15.962  -15.920  -15.897  -15.880  -15.795  -15.789
   -1.082    1.319    5.154    6.822   10.366   13.232   14.214   15.101
            0.362500  0.775000  0.362500
  -16.098  -16.083  -16.016  -15.966  -15.963  -15.913  -15.893  -15.878  -15.793  -15.787
   -1.164    1.360    5.312    6.899   10.384   12.986   13.984   15.362
            0.375000  0.750000  0.375000
  -16.096  -16.081  -16.018  -15.970  -15.967  -15.905  -15.891  -15.876  -15.792  -15.788
   -1.239    1.391    5.490    6.976   10.375   12.770   13.763   15.618
            0.387500  0.725000  0.387500
  -16.092  -16.080  -16.019  -15.971  -15.968  -15.899  -15.888  -15.876  -15.790  -15.788
   -1.308    1.414    5.686    7.053   10.328   12.597   13.553   15.853
            0.400000  0.700000  0.400000
  -16.091  -16.081  -16.022  -15.976  -15.974  -15.895  -15.887  -15.875  -15.794  -15.790
   -1.371    1.429    5.898    7.129   10.235   12.475   13.356   16.047
            0.412500  0.675000  0.412500
  -16.090  -16.080  -16.025  -15.980  -15.976  -15.891  -15.884  -15.873  -15.796  -15.794
   -1.426    1.439    6.122    7.201   10.095   12.405   13.175   16.178
            0.425000  0.650000  0.425000
  -16.088  -16.080  -16.025  -15.981  -15.979  -15.886  -15.882  -15.874  -15.797  -15.794
   -1.474    1.444    6.356    7.269    9.915   12.381   13.013   16.231
            0.437500  0.625000  0.437500
  -16.086  -16.079  -16.029  -15.983  -15.982  -15.883  -15.882  -15.873  -15.796  -15.795
   -1.514    1.447    6.595    7.331    9.706   12.391   12.872   16.212
            0.450000  0.600000  0.450000
  -16.083  -16.079  -16.031  -15.984  -15.982  -15.882  -15.881  -15.872  -15.794  -15.793
   -1.548    1.447    6.834    7.384    9.481   12.421   12.753   16.147
            0.462500  0.575000  0.462500
  -16.081  -16.078  -16.033  -15.983  -15.983  -15.879  -15.879  -15.871  -15.794  -15.791
   -1.574    1.447    7.065    7.428    9.256   12.461   12.658   16.067
            0.475000  0.550000  0.475000
  -16.078  -16.077  -16.036  -15.987  -15.986  -15.878  -15.878  -15.868  -15.796  -15.794
   -1.592    1.447    7.272    7.461    9.049   12.497   12.588   15.993
            0.487500  0.525000  0.487500
  -16.076  -16.075  -16.038  -15.988  -15.987  -15.877  -15.873  -15.865  -15.796  -15.796
   -1.604    1.446    7.427    7.481    8.894   12.522   12.545   15.943
            0.500000  0.500000  0.500000
  -16.075  -16.075  -16.038  -15.988  -15.988  -15.873  -15.873  -15.864  -15.796  -15.796
   -1.607    1.446    7.488    7.488    8.833   12.531   12.531   15.926
            0.475000  0.475000  0.475000
  -16.077  -16.077  -16.038  -15.988  -15.988  -15.873  -15.873  -15.865  -15.797  -15.797
   -1.633    1.486    7.493    7.493    8.838   12.533   12.533   15.932
            0.450000  0.450000  0.450000
  -16.076  -16.076  -16.038  -15.985  -15.985  -15.872  -15.872  -15.864  -15.794  -15.794
   -1.706    1.604    7.508    7.508    8.853   12.538   12.538   15.950
            0.425000  0.425000  0.425000
  -16.077  -16.077  -16.043  -15.989  -15.989  -15.874  -15.874  -15.858  -15.799  -15.799
   -1.817    1.788    7.534    7.534    8.878   12.543   12.543   15.974
            0.400000  0.400000  0.400000
  -16.075  -16.075  -16.043  -15.989  -15.989  -15.871  -15.871  -15.856  -15.800  -15.800
   -1.953    2.027    7.570    7.570    8.914   12.549   12.549   15.993
            0.375000  0.375000  0.375000
  -16.075  -16.075  -16.044  -15.994  -15.994  -15.872  -15.872  -15.855  -15.808  -15.808
   -2.104    2.310    7.616    7.616    8.958   12.550   12.550   15.963
            0.350000  0.350000  0.350000
  -16.078  -16.078  -16.045  -15.993  -15.993  -15.871  -15.871  -15.854  -15.809  -15.809
   -2.262    2.629    7.672    7.672    9.013   12.546   12.546   15.785
            0.325000  0.325000  0.325000
  -16.078  -16.078  -16.046  -15.998  -15.998  -15.874  -15.874  -15.847  -15.811  -15.811
   -2.421    2.976    7.737    7.737    9.075   12.530   12.530   15.437
            0.300000  0.300000  0.300000
  -16.077  -16.077  -16.047  -16.000  -16.000  -15.872  -15.872  -15.847  -15.812  -15.812
   -2.576    3.347    7.811    7.811    9.146   12.499   12.499   15.018
            0.275000  0.275000  0.275000
  -16.076  -16.076  -16.053  -16.001  -16.001  -15.870  -15.870  -15.847  -15.813  -15.813
   -2.724    3.739    7.894    7.894    9.223   12.449   12.449   14.582
            0.250000  0.250000  0.250000
  -16.076  -16.076  -16.051  -16.004  -16.004  -15.867  -15.867  -15.846  -15.814  -15.814
   -2.864    4.148    7.985    7.985    9.304   12.377   12.377   14.145
            0.225000  0.225000  0.225000
  -16.074  -16.074  -16.056  -16.008  -16.008  -15.865  -15.865  -15.845  -15.817  -15.817
   -2.993    4.571    8.082    8.082    9.388   12.284   12.284   13.713
            0.200000  0.200000  0.200000
  -16.073  -16.073  -16.058  -16.010  -16.010  -15.863  -15.863  -15.850  -15.819  -15.819
   -3.110    5.007    8.184    8.184    9.468   12.170   12.170   13.291
            0.175000  0.175000  0.175000
  -16.071  -16.071  -16.060  -16.013  -16.013  -15.860  -15.860  -15.852  -15.820  -15.820
   -3.215    5.453    8.290    8.290    9.540   12.042   12.042   12.883
            0.150000  0.150000  0.150000
  -16.071  -16.071  -16.060  -16.016  -16.016  -15.858  -15.858  -15.847  -15.823  -15.823
   -3.307    5.906    8.396    8.396    9.594   11.904   11.904   12.497
            0.125000  0.125000  0.125000
  -16.069  -16.069  -16.060  -16.018  -16.018  -15.855  -15.855  -15.846  -15.825  -15.825
   -3.386    6.363    8.500    8.500    9.614   11.765   11.765   12.144
            0.100000  0.100000  0.100000
  -16.065  -16.065  -16.062  -16.021  -16.021  -15.851  -15.851  -15.845  -15.827  -15.827
   -3.451    6.820    8.598    8.598    9.579   11.632   11.632   11.841
            0.075000  0.075000  0.075000
  -16.064  -16.064  -16.060  -16.023  -16.023  -15.849  -15.849  -15.844  -15.827  -15.827
   -3.501    7.272    8.684    8.684    9.468   11.515   11.515   11.607
            0.050000  0.050000  0.050000
  -16.065  -16.065  -16.060  -16.027  -16.027  -15.849  -15.849  -15.844  -15.832  -15.832
   -3.537    7.710    8.752    8.752    9.270   11.423   11.423   11.452
            0.025000  0.025000  0.025000
  -16.068  -16.068  -16.064  -16.037  -16.037  -15.851  -15.851  -15.847  -15.842  -15.842
   -3.559    8.113    8.796    8.796    9.005   11.363   11.363   11.369
            0.000000  0.000000  0.000000
  -16.067  -16.067  -16.067  -16.048  -16.048  -15.867  -15.867  -15.867  -15.844  -15.844
   -3.567    8.351    8.811    8.811    8.811   11.341   11.341   11.341
            0.037500  0.037500  0.000000
  -16.068  -16.064  -16.063  -16.036  -16.034  -15.851  -15.849  -15.845  -15.841  -15.839
   -3.556    8.031    8.758    8.803    9.080   11.355   11.361   11.412
            0.075000  0.075000  0.000000
  -16.066  -16.062  -16.058  -16.032  -16.022  -15.852  -15.846  -15.843  -15.836  -15.826
   -3.523    7.534    8.605    8.781    9.426   11.393   11.414   11.616
            0.112500  0.112500  0.000000
  -16.069  -16.067  -16.059  -16.030  -16.020  -15.857  -15.851  -15.842  -15.837  -15.825
   -3.469    7.011    8.373    8.742    9.703   11.454   11.495   11.941
            0.150000  0.150000  0.000000
  -16.071  -16.066  -16.058  -16.023  -16.015  -15.861  -15.851  -15.837  -15.834  -15.820
   -3.393    6.486    8.086    8.686    9.912   11.540   11.603   12.348
            0.187500  0.187500  0.000000
  -16.074  -16.069  -16.058  -16.020  -16.010  -15.867  -15.854  -15.835  -15.834  -15.818
   -3.296    5.969    7.763    8.613   10.076   11.651   11.734   12.783
            0.225000  0.225000  0.000000
  -16.080  -16.073  -16.057  -16.018  -16.007  -15.876  -15.859  -15.840  -15.833  -15.817
   -3.179    5.464    7.421    8.521   10.213   11.785   11.890   13.187
            0.262500  0.262500  0.000000
  -16.080  -16.070  -16.055  -16.011  -16.000  -15.878  -15.862  -15.839  -15.823  -15.812
   -3.041    4.976    7.073    8.411   10.336   11.944   12.069   13.508
            0.300000  0.300000  0.000000
  -16.083  -16.074  -16.052  -16.008  -15.994  -15.882  -15.864  -15.842  -15.816  -15.809
   -2.885    4.507    6.728    8.283   10.445   12.126   12.272   13.710
            0.337500  0.337500  0.000000
  -16.085  -16.073  -16.046  -16.004  -15.986  -15.886  -15.865  -15.843  -15.811  -15.806
   -2.710    4.058    6.394    8.140   10.541   12.332   12.499   13.804
            0.375000  0.375000  0.000000
  -16.085  -16.079  -16.038  -16.001  -15.978  -15.889  -15.870  -15.848  -15.805  -15.804
   -2.519    3.632    6.075    7.982   10.618   12.561   12.750   13.831
            0.412500  0.412500  0.000000
  -16.087  -16.085  -16.035  -15.998  -15.973  -15.893  -15.873  -15.855  -15.803  -15.800
   -2.312    3.227    5.777    7.814   10.670   12.812   13.023   13.838
            0.450000  0.450000  0.000000
  -16.089  -16.087  -16.027  -15.993  -15.968  -15.897  -15.874  -15.867  -15.802  -15.797
   -2.093    2.847    5.504    7.638   10.690   13.086   13.319   13.863
            0.487500  0.487500  0.000000
  -16.090  -16.087  -16.019  -15.987  -15.962  -15.901  -15.880  -15.875  -15.800  -15.791
   -1.863    2.489    5.260    7.458   10.675   13.381   13.635   13.928
            0.525000  0.525000  0.000000
  -16.095  -16.088  -16.016  -15.980  -15.959  -15.905  -15.891  -15.878  -15.800  -15.789
   -1.627    2.157    5.050    7.277   10.625   13.696   13.967   14.045
            0.562500  0.562500  0.000000
  -16.094  -16.090  -16.011  -15.970  -15.951  -15.911  -15.897  -15.878  -15.798  -15.783
   -1.388    1.848    4.878    7.098   10.548   14.031   14.216   14.307
            0.600000  0.600000  0.000000
  -16.101  -16.093  -16.011  -15.963  -15.950  -15.914  -15.913  -15.881  -15.797  -15.782
   -1.152    1.565    4.748    6.925   10.449   14.384   14.437   14.610
            0.637500  0.637500  0.000000
  -16.101  -16.093  -16.011  -15.954  -15.946  -15.925  -15.914  -15.881  -15.797  -15.782
   -0.923    1.306    4.667    6.761   10.338   14.673   14.703   14.753
            0.675000  0.675000  0.000000
  -16.106  -16.094  -16.012  -15.951  -15.947  -15.940  -15.922  -15.887  -15.800  -15.786
   -0.709    1.073    4.639    6.606   10.222   14.199   15.006   15.137
            0.712500  0.712500  0.000000
  -16.104  -16.087  -16.011  -15.951  -15.940  -15.937  -15.920  -15.885  -15.794  -15.782
   -0.515    0.865    4.666    6.464   10.109   13.506   15.342   15.533
            0.750000  0.750000  0.000000
  -16.099  -16.084  -16.010  -15.959  -15.928  -15.922  -15.921  -15.884  -15.787  -15.778
   -0.346    0.682    4.752    6.336   10.002   12.789   15.705   15.936
            0.737500  0.762500  0.000000
  -16.102  -16.086  -16.010  -15.961  -15.933  -15.925  -15.925  -15.885  -15.791  -15.778
   -0.345    0.681    4.753    6.329   10.014   12.790   15.691   15.902
            0.725000  0.775000  0.000000
  -16.102  -16.086  -16.010  -15.963  -15.934  -15.926  -15.926  -15.887  -15.791  -15.782
   -0.341    0.678    4.757    6.307   10.050   12.792   15.652   15.815
            0.712500  0.787500  0.000000
  -16.102  -16.087  -16.009  -15.963  -15.934  -15.926  -15.925  -15.888  -15.790  -15.782
   -0.334    0.673    4.762    6.272   10.109   12.797   15.590   15.697
            0.700000  0.800000  0.000000
  -16.102  -16.089  -16.008  -15.964  -15.938  -15.925  -15.925  -15.889  -15.791  -15.784
   -0.324    0.666    4.769    6.225   10.190   12.803   15.507   15.563
            0.687500  0.812500  0.000000
  -16.101  -16.087  -16.003  -15.963  -15.937  -15.924  -15.924  -15.887  -15.789  -15.782
   -0.312    0.657    4.779    6.168   10.291   12.812   15.407   15.419
            0.675000  0.825000  0.000000
  -16.102  -16.089  -16.002  -15.964  -15.938  -15.924  -15.923  -15.888  -15.790  -15.783
   -0.297    0.646    4.790    6.103   10.410   12.822   15.271   15.294
            0.662500  0.837500  0.000000
  -16.102  -16.090  -16.000  -15.964  -15.938  -15.925  -15.922  -15.889  -15.790  -15.783
   -0.279    0.632    4.804    6.031   10.544   12.833   15.122   15.170
            0.650000  0.850000  0.000000
  -16.101  -16.088  -15.999  -15.964  -15.936  -15.927  -15.921  -15.890  -15.790  -15.782
   -0.259    0.616    4.820    5.955   10.693   12.846   14.971   15.038
            0.637500  0.862500  0.000000
  -16.101  -16.088  -15.997  -15.965  -15.936  -15.927  -15.919  -15.888  -15.790  -15.782
   -0.236    0.598    4.837    5.877   10.854   12.861   14.821   14.899
            0.625000  0.875000  0.000000
  -16.100  -16.089  -15.999  -15.964  -15.938  -15.929  -15.918  -15.889  -15.790  -15.783
   -0.210    0.577    4.857    5.797   11.026   12.877   14.673   14.756
            0.612500  0.887500  0.000000
  -16.100  -16.090  -15.997  -15.965  -15.938  -15.929  -15.917  -15.891  -15.790  -15.783
   -0.181    0.553    4.879    5.718   11.208   12.894   14.526   14.610
            0.600000  0.900000  0.000000
  -16.100  -16.091  -15.994  -15.966  -15.938  -15.930  -15.915  -15.892  -15.789  -15.783
   -0.150    0.526    4.903    5.640   11.398   12.912   14.382   14.463
            0.587500  0.912500  0.000000
  -16.100  -16.092  -15.992  -15.967  -15.938  -15.931  -15.914  -15.894  -15.790  -15.783
   -0.116    0.496    4.928    5.564   11.596   12.930   14.241   14.314
            0.575000  0.925000  0.000000
  -16.100  -16.093  -15.989  -15.968  -15.938  -15.932  -15.913  -15.897  -15.789  -15.783
   -0.079    0.463    4.956    5.492   11.799   12.948   14.104   14.166
            0.562500  0.937500  0.000000
  -16.096  -16.092  -15.985  -15.968  -15.936  -15.932  -15.909  -15.897  -15.786  -15.783
   -0.040    0.427    4.985    5.423   12.008   12.964   13.972   14.020
            0.550000  0.950000  0.000000
  -16.095  -16.092  -15.983  -15.969  -15.936  -15.932  -15.907  -15.898  -15.785  -15.783
    0.003    0.388    5.016    5.359   12.219   12.977   13.848   13.876
            0.537500  0.962500  0.000000
  -16.095  -16.092  -15.979  -15.969  -15.934  -15.933  -15.905  -15.899  -15.783  -15.782
    0.047    0.345    5.049    5.300   12.430   12.984   13.734   13.739
            0.525000  0.975000  0.000000
  -16.094  -16.092  -15.975  -15.970  -15.936  -15.932  -15.904  -15.898  -15.782  -15.781
    0.095    0.300    5.084    5.247   12.634   12.981   13.614   13.634
            0.512500  0.987500  0.000000
  -16.094  -16.094  -15.975  -15.971  -15.936  -15.933  -15.903  -15.900  -15.783  -15.783
    0.145    0.250    5.120    5.199   12.813   12.962   13.519   13.554
            0.500000  1.000000  0.000000
  -16.094  -16.094  -15.973  -15.973  -15.934  -15.934  -15.902  -15.902  -15.783  -15.783
    0.198    0.198    5.158    5.158   12.922   12.922   13.500   13.500
            0.475000  1.000000  0.000000
  -16.094  -16.094  -15.973  -15.973  -15.934  -15.934  -15.901  -15.901  -15.783  -15.783
    0.197    0.197    5.161    5.161   12.812   12.812   13.614   13.614
            0.450000  1.000000  0.000000
  -16.094  -16.094  -15.974  -15.974  -15.934  -15.934  -15.904  -15.904  -15.782  -15.782
    0.196    0.196    5.173    5.173   12.594   12.594   13.847   13.847
            0.425000  1.000000  0.000000
  -16.093  -16.093  -15.977  -15.977  -15.932  -15.932  -15.902  -15.902  -15.781  -15.781
    0.193    0.193    5.191    5.191   12.351   12.351   14.114   14.114
            0.400000  1.000000  0.000000
  -16.093  -16.093  -15.980  -15.980  -15.933  -15.933  -15.903  -15.903  -15.785  -15.785
    0.190    0.190    5.217    5.217   12.105   12.105   14.394   14.394
            0.375000  1.000000  0.000000
  -16.092  -16.092  -15.982  -15.982  -15.933  -15.933  -15.901  -15.901  -15.785  -15.785
    0.185    0.185    5.250    5.250   11.861   11.861   14.681   14.681
            0.350000  1.000000 -0.000000
  -16.091  -16.091  -15.984  -15.984  -15.932  -15.932  -15.899  -15.899  -15.786  -15.786
    0.180    0.180    5.288    5.288   11.623   11.623   14.972   14.972
            0.325000  1.000000  0.000000
  -16.092  -16.092  -15.989  -15.989  -15.930  -15.930  -15.899  -15.899  -15.788  -15.788
    0.174    0.174    5.333    5.333   11.391   11.391   15.264   15.264
            0.300000  1.000000  0.000000
  -16.090  -16.090  -15.992  -15.992  -15.929  -15.929  -15.897  -15.897  -15.788  -15.788
    0.168    0.168    5.382    5.382   11.168   11.168   15.556   15.556
            0.275000  1.000000  0.000000
  -16.090  -16.090  -15.995  -15.995  -15.929  -15.929  -15.897  -15.897  -15.789  -15.789
    0.162    0.162    5.436    5.436   10.955   10.955   15.846   15.846
            0.250000  1.000000  0.000000
  -16.088  -16.088  -15.995  -15.995  -15.928  -15.928  -15.898  -15.898  -15.788  -15.788
    0.156    0.156    5.493    5.493   10.752   10.752   16.132   16.132
            0.225000  1.000000  0.000000
  -16.085  -16.085  -15.995  -15.995  -15.926  -15.926  -15.896  -15.896  -15.786  -15.786
    0.149    0.149    5.552    5.552   10.561   10.561   16.412   16.412
            0.200000  1.000000  0.000000
  -16.085  -16.085  -15.999  -15.999  -15.925  -15.925  -15.894  -15.894  -15.786  -15.786
    0.143    0.143    5.612    5.612   10.383   10.383   16.680   16.680
            0.175000  1.000000  0.000000
  -16.085  -16.085  -16.001  -16.001  -15.924  -15.924  -15.893  -15.893  -15.785  -15.785
    0.137    0.137    5.672    5.672   10.220   10.220   16.933   16.933
            0.150000  1.000000  0.000000
  -16.085  -16.085  -16.003  -16.003  -15.924  -15.924  -15.892  -15.892  -15.786  -15.786
    0.132    0.132    5.729    5.729   10.073   10.073   17.168   17.168
            0.125000  1.000000  0.000000
  -16.084  -16.084  -16.005  -16.005  -15.924  -15.924  -15.891  -15.891  -15.786  -15.786
    0.127    0.127    5.782    5.782    9.944    9.944   17.377   17.377
            0.100000  1.000000  0.000000
  -16.082  -16.082  -16.009  -16.009  -15.923  -15.923  -15.890  -15.890  -15.787  -15.787
    0.123    0.123    5.828    5.828    9.834    9.834   17.556   17.556
            0.075000  1.000000  0.000000
  -16.080  -16.080  -16.007  -16.007  -15.922  -15.922  -15.888  -15.888  -15.784  -15.784
    0.120    0.120    5.867    5.867    9.747    9.747   17.700   17.700
            0.050000  1.000000  0.000000
  -16.078  -16.078  -16.006  -16.006  -15.920  -15.920  -15.886  -15.886  -15.782  -15.782
    0.117    0.117    5.897    5.897    9.684    9.684   17.804   17.804
            0.025000  1.000000  0.000000
  -16.077  -16.077  -16.005  -16.005  -15.918  -15.918  -15.885  -15.885  -15.782  -15.782
    0.116    0.116    5.915    5.915    9.645    9.645   17.867   17.867
            0.000000  1.000000  0.000000
  -16.077  -16.077  -16.005  -16.005  -15.918  -15.918  -15.884  -15.884  -15.782  -15.782
    0.116    0.116    5.921    5.921    9.632    9.632   17.888   17.888
