#  E (eV)   dos(E)     Int dos(E) EFermi =    8.833 eV
  -5.000  0.7067E-51  0.7067E-53
  -4.990  0.3317E-50  0.4024E-52
  -4.980  0.1541E-49  0.1943E-51
  -4.970  0.7078E-49  0.9021E-51
  -4.960  0.3218E-48  0.4120E-50
  -4.950  0.1447E-47  0.1859E-49
  -4.940  0.6438E-47  0.8297E-49
  -4.930  0.2834E-46  0.3664E-48
  -4.920  0.1234E-45  0.1601E-47
  -4.910  0.5319E-45  0.6920E-47
  -4.900  0.2268E-44  0.2960E-46
  -4.890  0.9564E-44  0.1252E-45
  -4.880  0.3991E-43  0.5243E-45
  -4.870  0.1648E-42  0.2172E-44
  -4.860  0.6731E-42  0.8903E-44
  -4.850  0.2720E-41  0.3611E-43
  -4.840  0.1088E-40  0.1449E-42
  -4.830  0.4303E-40  0.5752E-42
  -4.820  0.1684E-39  0.2260E-41
  -4.810  0.6523E-39  0.8782E-41
  -4.800  0.2499E-38  0.3378E-40
  -4.790  0.9475E-38  0.1285E-39
  -4.780  0.3554E-37  0.4839E-39
  -4.770  0.1319E-36  0.1803E-38
  -4.760  0.4843E-36  0.6646E-38
  -4.750  0.1759E-35  0.2424E-37
  -4.740  0.6324E-35  0.8748E-37
  -4.730  0.2249E-34  0.3124E-36
  -4.720  0.7915E-34  0.1104E-35
  -4.710  0.2756E-33  0.3860E-35
  -4.700  0.9494E-33  0.1335E-34
  -4.690  0.3236E-32  0.4572E-34
  -4.680  0.1092E-31  0.1549E-33
  -4.670  0.3642E-31  0.5191E-33
  -4.660  0.1203E-30  0.1722E-32
  -4.650  0.3929E-30  0.5651E-32
  -4.640  0.1270E-29  0.1835E-31
  -4.630  0.4063E-29  0.5898E-31
  -4.620  0.1286E-28  0.1876E-30
  -4.610  0.4027E-28  0.5903E-30
  -4.600  0.1248E-27  0.1838E-29
  -4.590  0.3826E-27  0.5664E-29
  -4.580  0.1161E-26  0.1727E-28
  -4.570  0.3485E-26  0.5212E-28
  -4.560  0.1035E-25  0.1556E-27
  -4.550  0.3043E-25  0.4599E-27
  -4.540  0.8849E-25  0.1345E-26
  -4.530  0.2547E-24  0.3892E-26
  -4.520  0.7253E-24  0.1114E-25
  -4.510  0.2044E-23  0.3158E-25
  -4.500  0.5699E-23  0.8857E-25
  -4.490  0.1572E-22  0.2458E-24
  -4.480  0.4293E-22  0.6751E-24
  -4.470  0.1160E-21  0.1835E-23
  -4.460  0.3101E-21  0.4936E-23
  -4.450  0.8203E-21  0.1314E-22
  -4.440  0.2147E-20  0.3461E-22
  -4.430  0.5563E-20  0.9024E-22
  -4.420  0.1426E-19  0.2328E-21
  -4.410  0.3617E-19  0.5945E-21
  -4.400  0.9080E-19  0.1502E-20
  -4.390  0.2255E-18  0.3758E-20
  -4.380  0.5544E-18  0.9301E-20
  -4.370  0.1348E-17  0.2279E-19
  -4.360  0.3246E-17  0.5524E-19
  -4.350  0.7731E-17  0.1326E-18
  -4.340  0.1822E-16  0.3148E-18
  -4.330  0.4251E-16  0.7399E-18
  -4.320  0.9813E-16  0.1721E-17
  -4.310  0.2242E-15  0.3963E-17
  -4.300  0.5067E-15  0.9030E-17
  -4.290  0.1134E-14  0.2037E-16
  -4.280  0.2510E-14  0.4546E-16
  -4.270  0.5498E-14  0.1004E-15
  -4.260  0.1192E-13  0.2196E-15
  -4.250  0.2558E-13  0.4754E-15
  -4.240  0.5430E-13  0.1018E-14
  -4.230  0.1141E-12  0.2160E-14
  -4.220  0.2373E-12  0.4532E-14
  -4.210  0.4883E-12  0.9416E-14
  -4.200  0.9945E-12  0.1936E-13
  -4.190  0.2005E-11  0.3941E-13
  -4.180  0.3998E-11  0.7939E-13
  -4.170  0.7893E-11  0.1583E-12
  -4.160  0.1542E-10  0.3125E-12
  -4.150  0.2981E-10  0.6107E-12
  -4.140  0.5705E-10  0.1181E-11
  -4.130  0.1080E-09  0.2262E-11
  -4.120  0.2025E-09  0.4287E-11
  -4.110  0.3756E-09  0.8043E-11
  -4.100  0.6896E-09  0.1494E-10
  -4.090  0.1253E-08  0.2747E-10
  -4.080  0.2253E-08  0.5000E-10
  -4.070  0.4010E-08  0.9011E-10
  -4.060  0.7065E-08  0.1608E-09
  -4.050  0.1232E-07  0.2839E-09
  -4.040  0.2126E-07  0.4965E-09
  -4.030  0.3631E-07  0.8597E-09
  -4.020  0.6139E-07  0.1474E-08
  -4.010  0.1027E-06  0.2501E-08
  -4.000  0.1702E-06  0.4203E-08
  -3.990  0.2791E-06  0.6994E-08
  -3.980  0.4530E-06  0.1152E-07
  -3.970  0.7278E-06  0.1880E-07
  -3.960  0.1157E-05  0.3038E-07
  -3.950  0.1822E-05  0.4860E-07
  -3.940  0.2841E-05  0.7701E-07
  -3.930  0.4383E-05  0.1208E-06
  -3.920  0.6696E-05  0.1878E-06
  -3.910  0.1013E-04  0.2891E-06
  -3.900  0.1517E-04  0.4407E-06
  -3.890  0.2249E-04  0.6656E-06
  -3.880  0.3301E-04  0.9957E-06
  -3.870  0.4799E-04  0.1476E-05
  -3.860  0.6907E-04  0.2166E-05
  -3.850  0.9846E-04  0.3151E-05
  -3.840  0.1390E-03  0.4541E-05
  -3.830  0.1943E-03  0.6484E-05
  -3.820  0.2691E-03  0.9174E-05
  -3.810  0.3690E-03  0.1286E-04
  -3.800  0.5013E-03  0.1788E-04
  -3.790  0.6745E-03  0.2462E-04
  -3.780  0.8992E-03  0.3361E-04
  -3.770  0.1188E-02  0.4549E-04
  -3.760  0.1554E-02  0.6103E-04
  -3.750  0.2015E-02  0.8118E-04
  -3.740  0.2589E-02  0.1071E-03
  -3.730  0.3297E-02  0.1400E-03
  -3.720  0.4161E-02  0.1816E-03
  -3.710  0.5205E-02  0.2337E-03
  -3.700  0.6454E-02  0.2982E-03
  -3.690  0.7936E-02  0.3776E-03
  -3.680  0.9674E-02  0.4743E-03
  -3.670  0.1170E-01  0.5913E-03
  -3.660  0.1402E-01  0.7315E-03
  -3.650  0.1668E-01  0.8983E-03
  -3.640  0.1968E-01  0.1095E-02
  -3.630  0.2304E-01  0.1325E-02
  -3.620  0.2676E-01  0.1593E-02
  -3.610  0.3086E-01  0.1902E-02
  -3.600  0.3533E-01  0.2255E-02
  -3.590  0.4016E-01  0.2657E-02
  -3.580  0.4533E-01  0.3110E-02
  -3.570  0.5083E-01  0.3618E-02
  -3.560  0.5663E-01  0.4185E-02
  -3.550  0.6270E-01  0.4812E-02
  -3.540  0.6901E-01  0.5502E-02
  -3.530  0.7551E-01  0.6257E-02
  -3.520  0.8216E-01  0.7078E-02
  -3.510  0.8893E-01  0.7968E-02
  -3.500  0.9577E-01  0.8925E-02
  -3.490  0.1027E+00  0.9952E-02
  -3.480  0.1095E+00  0.1105E-01
  -3.470  0.1164E+00  0.1221E-01
  -3.460  0.1231E+00  0.1344E-01
  -3.450  0.1298E+00  0.1474E-01
  -3.440  0.1364E+00  0.1610E-01
  -3.430  0.1428E+00  0.1753E-01
  -3.420  0.1491E+00  0.1902E-01
  -3.410  0.1552E+00  0.2057E-01
  -3.400  0.1611E+00  0.2219E-01
  -3.390  0.1669E+00  0.2385E-01
  -3.380  0.1726E+00  0.2558E-01
  -3.370  0.1780E+00  0.2736E-01
  -3.360  0.1834E+00  0.2919E-01
  -3.350  0.1886E+00  0.3108E-01
  -3.340  0.1937E+00  0.3302E-01
  -3.330  0.1986E+00  0.3500E-01
  -3.320  0.2034E+00  0.3704E-01
  -3.310  0.2082E+00  0.3912E-01
  -3.300  0.2128E+00  0.4125E-01
  -3.290  0.2173E+00  0.4342E-01
  -3.280  0.2217E+00  0.4564E-01
  -3.270  0.2260E+00  0.4790E-01
  -3.260  0.2302E+00  0.5020E-01
  -3.250  0.2343E+00  0.5254E-01
  -3.240  0.2383E+00  0.5493E-01
  -3.230  0.2423E+00  0.5735E-01
  -3.220  0.2461E+00  0.5981E-01
  -3.210  0.2499E+00  0.6231E-01
  -3.200  0.2536E+00  0.6484E-01
  -3.190  0.2573E+00  0.6742E-01
  -3.180  0.2609E+00  0.7003E-01
  -3.170  0.2646E+00  0.7267E-01
  -3.160  0.2683E+00  0.7536E-01
  -3.150  0.2720E+00  0.7808E-01
  -3.140  0.2758E+00  0.8083E-01
  -3.130  0.2795E+00  0.8363E-01
  -3.120  0.2833E+00  0.8646E-01
  -3.110  0.2871E+00  0.8933E-01
  -3.100  0.2908E+00  0.9224E-01
  -3.090  0.2945E+00  0.9519E-01
  -3.080  0.2980E+00  0.9817E-01
  -3.070  0.3015E+00  0.1012E+00
  -3.060  0.3049E+00  0.1042E+00
  -3.050  0.3081E+00  0.1073E+00
  -3.040  0.3111E+00  0.1104E+00
  -3.030  0.3141E+00  0.1136E+00
  -3.020  0.3169E+00  0.1167E+00
  -3.010  0.3197E+00  0.1199E+00
  -3.000  0.3224E+00  0.1232E+00
  -2.990  0.3251E+00  0.1264E+00
  -2.980  0.3279E+00  0.1297E+00
  -2.970  0.3308E+00  0.1330E+00
  -2.960  0.3338E+00  0.1363E+00
  -2.950  0.3370E+00  0.1397E+00
  -2.940  0.3403E+00  0.1431E+00
  -2.930  0.3438E+00  0.1465E+00
  -2.920  0.3475E+00  0.1500E+00
  -2.910  0.3512E+00  0.1535E+00
  -2.900  0.3551E+00  0.1571E+00
  -2.890  0.3589E+00  0.1607E+00
  -2.880  0.3628E+00  0.1643E+00
  -2.870  0.3665E+00  0.1680E+00
  -2.860  0.3701E+00  0.1717E+00
  -2.850  0.3735E+00  0.1754E+00
  -2.840  0.3767E+00  0.1792E+00
  -2.830  0.3796E+00  0.1830E+00
  -2.820  0.3822E+00  0.1868E+00
  -2.810  0.3846E+00  0.1906E+00
  -2.800  0.3867E+00  0.1945E+00
  -2.790  0.3887E+00  0.1984E+00
  -2.780  0.3905E+00  0.2023E+00
  -2.770  0.3922E+00  0.2062E+00
  -2.760  0.3940E+00  0.2101E+00
  -2.750  0.3959E+00  0.2141E+00
  -2.740  0.3980E+00  0.2181E+00
  -2.730  0.4004E+00  0.2221E+00
  -2.720  0.4030E+00  0.2261E+00
  -2.710  0.4061E+00  0.2302E+00
  -2.700  0.4095E+00  0.2343E+00
  -2.690  0.4132E+00  0.2384E+00
  -2.680  0.4173E+00  0.2426E+00
  -2.670  0.4217E+00  0.2468E+00
  -2.660  0.4262E+00  0.2511E+00
  -2.650  0.4309E+00  0.2554E+00
  -2.640  0.4355E+00  0.2597E+00
  -2.630  0.4401E+00  0.2641E+00
  -2.620  0.4444E+00  0.2686E+00
  -2.610  0.4485E+00  0.2731E+00
  -2.600  0.4521E+00  0.2776E+00
  -2.590  0.4553E+00  0.2821E+00
  -2.580  0.4581E+00  0.2867E+00
  -2.570  0.4603E+00  0.2913E+00
  -2.560  0.4621E+00  0.2959E+00
  -2.550  0.4635E+00  0.3006E+00
  -2.540  0.4646E+00  0.3052E+00
  -2.530  0.4654E+00  0.3099E+00
  -2.520  0.4661E+00  0.3145E+00
  -2.510  0.4669E+00  0.3192E+00
  -2.500  0.4678E+00  0.3239E+00
  -2.490  0.4689E+00  0.3286E+00
  -2.480  0.4705E+00  0.3333E+00
  -2.470  0.4725E+00  0.3380E+00
  -2.460  0.4751E+00  0.3427E+00
  -2.450  0.4783E+00  0.3475E+00
  -2.440  0.4821E+00  0.3524E+00
  -2.430  0.4865E+00  0.3572E+00
  -2.420  0.4914E+00  0.3621E+00
  -2.410  0.4968E+00  0.3671E+00
  -2.400  0.5024E+00  0.3721E+00
  -2.390  0.5083E+00  0.3772E+00
  -2.380  0.5142E+00  0.3823E+00
  -2.370  0.5200E+00  0.3875E+00
  -2.360  0.5256E+00  0.3928E+00
  -2.350  0.5308E+00  0.3981E+00
  -2.340  0.5354E+00  0.4035E+00
  -2.330  0.5395E+00  0.4089E+00
  -2.320  0.5430E+00  0.4143E+00
  -2.310  0.5458E+00  0.4197E+00
  -2.300  0.5479E+00  0.4252E+00
  -2.290  0.5495E+00  0.4307E+00
  -2.280  0.5506E+00  0.4362E+00
  -2.270  0.5514E+00  0.4417E+00
  -2.260  0.5518E+00  0.4473E+00
  -2.250  0.5521E+00  0.4528E+00
  -2.240  0.5525E+00  0.4583E+00
  -2.230  0.5530E+00  0.4638E+00
  -2.220  0.5538E+00  0.4694E+00
  -2.210  0.5550E+00  0.4749E+00
  -2.200  0.5566E+00  0.4805E+00
  -2.190  0.5589E+00  0.4861E+00
  -2.180  0.5619E+00  0.4917E+00
  -2.170  0.5654E+00  0.4974E+00
  -2.160  0.5697E+00  0.5030E+00
  -2.150  0.5746E+00  0.5088E+00
  -2.140  0.5802E+00  0.5146E+00
  -2.130  0.5862E+00  0.5205E+00
  -2.120  0.5927E+00  0.5264E+00
  -2.110  0.5996E+00  0.5324E+00
  -2.100  0.6067E+00  0.5385E+00
  -2.090  0.6139E+00  0.5446E+00
  -2.080  0.6210E+00  0.5508E+00
  -2.070  0.6279E+00  0.5571E+00
  -2.060  0.6346E+00  0.5634E+00
  -2.050  0.6408E+00  0.5698E+00
  -2.040  0.6465E+00  0.5763E+00
  -2.030  0.6516E+00  0.5828E+00
  -2.020  0.6561E+00  0.5894E+00
  -2.010  0.6600E+00  0.5960E+00
  -2.000  0.6632E+00  0.6026E+00
  -1.990  0.6657E+00  0.6093E+00
  -1.980  0.6678E+00  0.6159E+00
  -1.970  0.6694E+00  0.6226E+00
  -1.960  0.6707E+00  0.6293E+00
  -1.950  0.6718E+00  0.6361E+00
  -1.940  0.6728E+00  0.6428E+00
  -1.930  0.6740E+00  0.6495E+00
  -1.920  0.6754E+00  0.6563E+00
  -1.910  0.6772E+00  0.6631E+00
  -1.900  0.6797E+00  0.6698E+00
  -1.890  0.6829E+00  0.6767E+00
  -1.880  0.6869E+00  0.6835E+00
  -1.870  0.6920E+00  0.6905E+00
  -1.860  0.6980E+00  0.6974E+00
  -1.850  0.7052E+00  0.7045E+00
  -1.840  0.7135E+00  0.7116E+00
  -1.830  0.7229E+00  0.7189E+00
  -1.820  0.7334E+00  0.7262E+00
  -1.810  0.7447E+00  0.7336E+00
  -1.800  0.7569E+00  0.7412E+00
  -1.790  0.7697E+00  0.7489E+00
  -1.780  0.7830E+00  0.7567E+00
  -1.770  0.7965E+00  0.7647E+00
  -1.760  0.8099E+00  0.7728E+00
  -1.750  0.8232E+00  0.7810E+00
  -1.740  0.8360E+00  0.7894E+00
  -1.730  0.8481E+00  0.7979E+00
  -1.720  0.8594E+00  0.8065E+00
  -1.710  0.8697E+00  0.8152E+00
  -1.700  0.8790E+00  0.8240E+00
  -1.690  0.8871E+00  0.8328E+00
  -1.680  0.8941E+00  0.8418E+00
  -1.670  0.9000E+00  0.8508E+00
  -1.660  0.9048E+00  0.8598E+00
  -1.650  0.9089E+00  0.8689E+00
  -1.640  0.9122E+00  0.8780E+00
  -1.630  0.9150E+00  0.8872E+00
  -1.620  0.9176E+00  0.8964E+00
  -1.610  0.9200E+00  0.9056E+00
  -1.600  0.9226E+00  0.9148E+00
  -1.590  0.9255E+00  0.9240E+00
  -1.580  0.9289E+00  0.9333E+00
  -1.570  0.9329E+00  0.9427E+00
  -1.560  0.9376E+00  0.9520E+00
  -1.550  0.9429E+00  0.9615E+00
  -1.540  0.9489E+00  0.9709E+00
  -1.530  0.9553E+00  0.9805E+00
  -1.520  0.9622E+00  0.9901E+00
  -1.510  0.9691E+00  0.9998E+00
  -1.500  0.9760E+00  0.1010E+01
  -1.490  0.9824E+00  0.1019E+01
  -1.480  0.9882E+00  0.1029E+01
  -1.470  0.9930E+00  0.1039E+01
  -1.460  0.9966E+00  0.1049E+01
  -1.450  0.9988E+00  0.1059E+01
  -1.440  0.9994E+00  0.1069E+01
  -1.430  0.9984E+00  0.1079E+01
  -1.420  0.9956E+00  0.1089E+01
  -1.410  0.9912E+00  0.1099E+01
  -1.400  0.9852E+00  0.1109E+01
  -1.390  0.9778E+00  0.1119E+01
  -1.380  0.9692E+00  0.1128E+01
  -1.370  0.9597E+00  0.1138E+01
  -1.360  0.9495E+00  0.1147E+01
  -1.350  0.9390E+00  0.1157E+01
  -1.340  0.9284E+00  0.1166E+01
  -1.330  0.9180E+00  0.1175E+01
  -1.320  0.9081E+00  0.1184E+01
  -1.310  0.8989E+00  0.1193E+01
  -1.300  0.8907E+00  0.1202E+01
  -1.290  0.8835E+00  0.1211E+01
  -1.280  0.8775E+00  0.1220E+01
  -1.270  0.8727E+00  0.1229E+01
  -1.260  0.8691E+00  0.1237E+01
  -1.250  0.8666E+00  0.1246E+01
  -1.240  0.8652E+00  0.1255E+01
  -1.230  0.8647E+00  0.1263E+01
  -1.220  0.8649E+00  0.1272E+01
  -1.210  0.8657E+00  0.1281E+01
  -1.200  0.8667E+00  0.1289E+01
  -1.190  0.8677E+00  0.1298E+01
  -1.180  0.8685E+00  0.1307E+01
  -1.170  0.8689E+00  0.1315E+01
  -1.160  0.8686E+00  0.1324E+01
  -1.150  0.8674E+00  0.1333E+01
  -1.140  0.8654E+00  0.1341E+01
  -1.130  0.8623E+00  0.1350E+01
  -1.120  0.8581E+00  0.1358E+01
  -1.110  0.8529E+00  0.1367E+01
  -1.100  0.8468E+00  0.1375E+01
  -1.090  0.8398E+00  0.1384E+01
  -1.080  0.8321E+00  0.1392E+01
  -1.070  0.8238E+00  0.1400E+01
  -1.060  0.8152E+00  0.1409E+01
  -1.050  0.8065E+00  0.1417E+01
  -1.040  0.7978E+00  0.1425E+01
  -1.030  0.7893E+00  0.1433E+01
  -1.020  0.7811E+00  0.1440E+01
  -1.010  0.7734E+00  0.1448E+01
  -1.000  0.7663E+00  0.1456E+01
  -0.990  0.7597E+00  0.1463E+01
  -0.980  0.7539E+00  0.1471E+01
  -0.970  0.7487E+00  0.1478E+01
  -0.960  0.7441E+00  0.1486E+01
  -0.950  0.7402E+00  0.1493E+01
  -0.940  0.7368E+00  0.1501E+01
  -0.930  0.7340E+00  0.1508E+01
  -0.920  0.7317E+00  0.1515E+01
  -0.910  0.7297E+00  0.1523E+01
  -0.900  0.7280E+00  0.1530E+01
  -0.890  0.7266E+00  0.1537E+01
  -0.880  0.7252E+00  0.1544E+01
  -0.870  0.7239E+00  0.1552E+01
  -0.860  0.7225E+00  0.1559E+01
  -0.850  0.7209E+00  0.1566E+01
  -0.840  0.7190E+00  0.1573E+01
  -0.830  0.7167E+00  0.1580E+01
  -0.820  0.7139E+00  0.1587E+01
  -0.810  0.7106E+00  0.1595E+01
  -0.800  0.7067E+00  0.1602E+01
  -0.790  0.7021E+00  0.1609E+01
  -0.780  0.6968E+00  0.1616E+01
  -0.770  0.6909E+00  0.1623E+01
  -0.760  0.6843E+00  0.1629E+01
  -0.750  0.6770E+00  0.1636E+01
  -0.740  0.6693E+00  0.1643E+01
  -0.730  0.6612E+00  0.1649E+01
  -0.720  0.6527E+00  0.1656E+01
  -0.710  0.6441E+00  0.1662E+01
  -0.700  0.6355E+00  0.1669E+01
  -0.690  0.6270E+00  0.1675E+01
  -0.680  0.6188E+00  0.1681E+01
  -0.670  0.6111E+00  0.1687E+01
  -0.660  0.6039E+00  0.1693E+01
  -0.650  0.5973E+00  0.1699E+01
  -0.640  0.5916E+00  0.1705E+01
  -0.630  0.5866E+00  0.1711E+01
  -0.620  0.5825E+00  0.1717E+01
  -0.610  0.5792E+00  0.1723E+01
  -0.600  0.5766E+00  0.1729E+01
  -0.590  0.5748E+00  0.1734E+01
  -0.580  0.5735E+00  0.1740E+01
  -0.570  0.5727E+00  0.1746E+01
  -0.560  0.5721E+00  0.1751E+01
  -0.550  0.5715E+00  0.1757E+01
  -0.540  0.5709E+00  0.1763E+01
  -0.530  0.5700E+00  0.1769E+01
  -0.520  0.5686E+00  0.1774E+01
  -0.510  0.5665E+00  0.1780E+01
  -0.500  0.5636E+00  0.1786E+01
  -0.490  0.5599E+00  0.1791E+01
  -0.480  0.5552E+00  0.1797E+01
  -0.470  0.5494E+00  0.1802E+01
  -0.460  0.5427E+00  0.1808E+01
  -0.450  0.5349E+00  0.1813E+01
  -0.440  0.5262E+00  0.1818E+01
  -0.430  0.5168E+00  0.1823E+01
  -0.420  0.5067E+00  0.1829E+01
  -0.410  0.4961E+00  0.1833E+01
  -0.400  0.4853E+00  0.1838E+01
  -0.390  0.4744E+00  0.1843E+01
  -0.380  0.4636E+00  0.1848E+01
  -0.370  0.4532E+00  0.1852E+01
  -0.360  0.4434E+00  0.1857E+01
  -0.350  0.4342E+00  0.1861E+01
  -0.340  0.4260E+00  0.1865E+01
  -0.330  0.4187E+00  0.1869E+01
  -0.320  0.4125E+00  0.1874E+01
  -0.310  0.4074E+00  0.1878E+01
  -0.300  0.4033E+00  0.1882E+01
  -0.290  0.4002E+00  0.1886E+01
  -0.280  0.3981E+00  0.1890E+01
  -0.270  0.3966E+00  0.1894E+01
  -0.260  0.3957E+00  0.1898E+01
  -0.250  0.3952E+00  0.1902E+01
  -0.240  0.3947E+00  0.1905E+01
  -0.230  0.3941E+00  0.1909E+01
  -0.220  0.3931E+00  0.1913E+01
  -0.210  0.3915E+00  0.1917E+01
  -0.200  0.3890E+00  0.1921E+01
  -0.190  0.3855E+00  0.1925E+01
  -0.180  0.3808E+00  0.1929E+01
  -0.170  0.3748E+00  0.1933E+01
  -0.160  0.3675E+00  0.1936E+01
  -0.150  0.3587E+00  0.1940E+01
  -0.140  0.3487E+00  0.1943E+01
  -0.130  0.3373E+00  0.1947E+01
  -0.120  0.3249E+00  0.1950E+01
  -0.110  0.3115E+00  0.1953E+01
  -0.100  0.2974E+00  0.1956E+01
  -0.090  0.2827E+00  0.1959E+01
  -0.080  0.2678E+00  0.1962E+01
  -0.070  0.2529E+00  0.1964E+01
  -0.060  0.2383E+00  0.1966E+01
  -0.050  0.2241E+00  0.1969E+01
  -0.040  0.2106E+00  0.1971E+01
  -0.030  0.1981E+00  0.1973E+01
  -0.020  0.1866E+00  0.1975E+01
  -0.010  0.1764E+00  0.1976E+01
   0.000  0.1675E+00  0.1978E+01
   0.010  0.1599E+00  0.1980E+01
   0.020  0.1538E+00  0.1981E+01
   0.030  0.1490E+00  0.1983E+01
   0.040  0.1455E+00  0.1984E+01
   0.050  0.1432E+00  0.1986E+01
   0.060  0.1420E+00  0.1987E+01
   0.070  0.1416E+00  0.1988E+01
   0.080  0.1420E+00  0.1990E+01
   0.090  0.1430E+00  0.1991E+01
   0.100  0.1442E+00  0.1993E+01
   0.110  0.1456E+00  0.1994E+01
   0.120  0.1470E+00  0.1996E+01
   0.130  0.1481E+00  0.1997E+01
   0.140  0.1489E+00  0.1999E+01
   0.150  0.1492E+00  0.2000E+01
   0.160  0.1490E+00  0.2002E+01
   0.170  0.1482E+00  0.2003E+01
   0.180  0.1468E+00  0.2005E+01
   0.190  0.1449E+00  0.2006E+01
   0.200  0.1425E+00  0.2007E+01
   0.210  0.1397E+00  0.2009E+01
   0.220  0.1367E+00  0.2010E+01
   0.230  0.1337E+00  0.2012E+01
   0.240  0.1308E+00  0.2013E+01
   0.250  0.1283E+00  0.2014E+01
   0.260  0.1263E+00  0.2015E+01
   0.270  0.1252E+00  0.2017E+01
   0.280  0.1250E+00  0.2018E+01
   0.290  0.1261E+00  0.2019E+01
   0.300  0.1285E+00  0.2020E+01
   0.310  0.1325E+00  0.2022E+01
   0.320  0.1381E+00  0.2023E+01
   0.330  0.1454E+00  0.2025E+01
   0.340  0.1544E+00  0.2026E+01
   0.350  0.1651E+00  0.2028E+01
   0.360  0.1775E+00  0.2030E+01
   0.370  0.1912E+00  0.2031E+01
   0.380  0.2062E+00  0.2034E+01
   0.390  0.2221E+00  0.2036E+01
   0.400  0.2387E+00  0.2038E+01
   0.410  0.2555E+00  0.2041E+01
   0.420  0.2724E+00  0.2043E+01
   0.430  0.2887E+00  0.2046E+01
   0.440  0.3043E+00  0.2049E+01
   0.450  0.3186E+00  0.2053E+01
   0.460  0.3315E+00  0.2056E+01
   0.470  0.3426E+00  0.2059E+01
   0.480  0.3518E+00  0.2063E+01
   0.490  0.3588E+00  0.2066E+01
   0.500  0.3638E+00  0.2070E+01
   0.510  0.3666E+00  0.2074E+01
   0.520  0.3676E+00  0.2077E+01
   0.530  0.3668E+00  0.2081E+01
   0.540  0.3645E+00  0.2085E+01
   0.550  0.3611E+00  0.2088E+01
   0.560  0.3570E+00  0.2092E+01
   0.570  0.3525E+00  0.2095E+01
   0.580  0.3481E+00  0.2099E+01
   0.590  0.3442E+00  0.2102E+01
   0.600  0.3411E+00  0.2106E+01
   0.610  0.3392E+00  0.2109E+01
   0.620  0.3388E+00  0.2113E+01
   0.630  0.3402E+00  0.2116E+01
   0.640  0.3434E+00  0.2119E+01
   0.650  0.3486E+00  0.2123E+01
   0.660  0.3558E+00  0.2126E+01
   0.670  0.3650E+00  0.2130E+01
   0.680  0.3760E+00  0.2134E+01
   0.690  0.3887E+00  0.2138E+01
   0.700  0.4028E+00  0.2142E+01
   0.710  0.4179E+00  0.2146E+01
   0.720  0.4338E+00  0.2150E+01
   0.730  0.4501E+00  0.2155E+01
   0.740  0.4663E+00  0.2159E+01
   0.750  0.4821E+00  0.2164E+01
   0.760  0.4971E+00  0.2169E+01
   0.770  0.5109E+00  0.2174E+01
   0.780  0.5232E+00  0.2180E+01
   0.790  0.5337E+00  0.2185E+01
   0.800  0.5424E+00  0.2190E+01
   0.810  0.5490E+00  0.2196E+01
   0.820  0.5536E+00  0.2201E+01
   0.830  0.5562E+00  0.2207E+01
   0.840  0.5569E+00  0.2212E+01
   0.850  0.5560E+00  0.2218E+01
   0.860  0.5537E+00  0.2224E+01
   0.870  0.5504E+00  0.2229E+01
   0.880  0.5463E+00  0.2235E+01
   0.890  0.5420E+00  0.2240E+01
   0.900  0.5378E+00  0.2245E+01
   0.910  0.5339E+00  0.2251E+01
   0.920  0.5308E+00  0.2256E+01
   0.930  0.5289E+00  0.2261E+01
   0.940  0.5282E+00  0.2267E+01
   0.950  0.5290E+00  0.2272E+01
   0.960  0.5315E+00  0.2277E+01
   0.970  0.5358E+00  0.2282E+01
   0.980  0.5418E+00  0.2288E+01
   0.990  0.5496E+00  0.2293E+01
   1.000  0.5589E+00  0.2299E+01
   1.010  0.5698E+00  0.2305E+01
   1.020  0.5821E+00  0.2311E+01
   1.030  0.5954E+00  0.2316E+01
   1.040  0.6097E+00  0.2323E+01
   1.050  0.6246E+00  0.2329E+01
   1.060  0.6399E+00  0.2335E+01
   1.070  0.6555E+00  0.2342E+01
   1.080  0.6710E+00  0.2348E+01
   1.090  0.6862E+00  0.2355E+01
   1.100  0.7009E+00  0.2362E+01
   1.110  0.7150E+00  0.2369E+01
   1.120  0.7283E+00  0.2377E+01
   1.130  0.7407E+00  0.2384E+01
   1.140  0.7521E+00  0.2392E+01
   1.150  0.7625E+00  0.2399E+01
   1.160  0.7719E+00  0.2407E+01
   1.170  0.7802E+00  0.2415E+01
   1.180  0.7877E+00  0.2423E+01
   1.190  0.7944E+00  0.2431E+01
   1.200  0.8005E+00  0.2439E+01
   1.210  0.8062E+00  0.2447E+01
   1.220  0.8118E+00  0.2455E+01
   1.230  0.8174E+00  0.2463E+01
   1.240  0.8235E+00  0.2471E+01
   1.250  0.8304E+00  0.2480E+01
   1.260  0.8382E+00  0.2488E+01
   1.270  0.8473E+00  0.2496E+01
   1.280  0.8580E+00  0.2505E+01
   1.290  0.8704E+00  0.2514E+01
   1.300  0.8846E+00  0.2523E+01
   1.310  0.9008E+00  0.2532E+01
   1.320  0.9189E+00  0.2541E+01
   1.330  0.9388E+00  0.2550E+01
   1.340  0.9603E+00  0.2560E+01
   1.350  0.9831E+00  0.2570E+01
   1.360  0.1007E+01  0.2580E+01
   1.370  0.1031E+01  0.2590E+01
   1.380  0.1056E+01  0.2601E+01
   1.390  0.1079E+01  0.2611E+01
   1.400  0.1102E+01  0.2622E+01
   1.410  0.1124E+01  0.2634E+01
   1.420  0.1143E+01  0.2645E+01
   1.430  0.1159E+01  0.2657E+01
   1.440  0.1173E+01  0.2668E+01
   1.450  0.1183E+01  0.2680E+01
   1.460  0.1190E+01  0.2692E+01
   1.470  0.1192E+01  0.2704E+01
   1.480  0.1191E+01  0.2716E+01
   1.490  0.1186E+01  0.2728E+01
   1.500  0.1177E+01  0.2739E+01
   1.510  0.1164E+01  0.2751E+01
   1.520  0.1148E+01  0.2763E+01
   1.530  0.1129E+01  0.2774E+01
   1.540  0.1107E+01  0.2785E+01
   1.550  0.1083E+01  0.2796E+01
   1.560  0.1057E+01  0.2806E+01
   1.570  0.1030E+01  0.2817E+01
   1.580  0.1003E+01  0.2827E+01
   1.590  0.9751E+00  0.2836E+01
   1.600  0.9477E+00  0.2846E+01
   1.610  0.9211E+00  0.2855E+01
   1.620  0.8957E+00  0.2864E+01
   1.630  0.8718E+00  0.2873E+01
   1.640  0.8497E+00  0.2881E+01
   1.650  0.8296E+00  0.2890E+01
   1.660  0.8116E+00  0.2898E+01
   1.670  0.7957E+00  0.2906E+01
   1.680  0.7819E+00  0.2914E+01
   1.690  0.7701E+00  0.2921E+01
   1.700  0.7601E+00  0.2929E+01
   1.710  0.7517E+00  0.2936E+01
   1.720  0.7448E+00  0.2944E+01
   1.730  0.7390E+00  0.2951E+01
   1.740  0.7341E+00  0.2959E+01
   1.750  0.7299E+00  0.2966E+01
   1.760  0.7261E+00  0.2973E+01
   1.770  0.7225E+00  0.2980E+01
   1.780  0.7191E+00  0.2987E+01
   1.790  0.7155E+00  0.2995E+01
   1.800  0.7118E+00  0.3002E+01
   1.810  0.7079E+00  0.3009E+01
   1.820  0.7036E+00  0.3016E+01
   1.830  0.6990E+00  0.3023E+01
   1.840  0.6941E+00  0.3030E+01
   1.850  0.6889E+00  0.3037E+01
   1.860  0.6833E+00  0.3044E+01
   1.870  0.6774E+00  0.3050E+01
   1.880  0.6712E+00  0.3057E+01
   1.890  0.6646E+00  0.3064E+01
   1.900  0.6577E+00  0.3070E+01
   1.910  0.6503E+00  0.3077E+01
   1.920  0.6425E+00  0.3083E+01
   1.930  0.6343E+00  0.3090E+01
   1.940  0.6256E+00  0.3096E+01
   1.950  0.6164E+00  0.3102E+01
   1.960  0.6067E+00  0.3108E+01
   1.970  0.5966E+00  0.3114E+01
   1.980  0.5861E+00  0.3120E+01
   1.990  0.5753E+00  0.3126E+01
   2.000  0.5645E+00  0.3131E+01
   2.010  0.5537E+00  0.3137E+01
   2.020  0.5431E+00  0.3142E+01
   2.030  0.5330E+00  0.3148E+01
   2.040  0.5235E+00  0.3153E+01
   2.050  0.5149E+00  0.3158E+01
   2.060  0.5074E+00  0.3163E+01
   2.070  0.5010E+00  0.3168E+01
   2.080  0.4960E+00  0.3173E+01
   2.090  0.4924E+00  0.3178E+01
   2.100  0.4901E+00  0.3183E+01
   2.110  0.4891E+00  0.3188E+01
   2.120  0.4894E+00  0.3193E+01
   2.130  0.4908E+00  0.3197E+01
   2.140  0.4930E+00  0.3202E+01
   2.150  0.4959E+00  0.3207E+01
   2.160  0.4993E+00  0.3212E+01
   2.170  0.5028E+00  0.3217E+01
   2.180  0.5063E+00  0.3222E+01
   2.190  0.5096E+00  0.3228E+01
   2.200  0.5123E+00  0.3233E+01
   2.210  0.5145E+00  0.3238E+01
   2.220  0.5159E+00  0.3243E+01
   2.230  0.5164E+00  0.3248E+01
   2.240  0.5160E+00  0.3253E+01
   2.250  0.5147E+00  0.3258E+01
   2.260  0.5123E+00  0.3264E+01
   2.270  0.5090E+00  0.3269E+01
   2.280  0.5047E+00  0.3274E+01
   2.290  0.4995E+00  0.3279E+01
   2.300  0.4935E+00  0.3284E+01
   2.310  0.4868E+00  0.3288E+01
   2.320  0.4795E+00  0.3293E+01
   2.330  0.4716E+00  0.3298E+01
   2.340  0.4634E+00  0.3303E+01
   2.350  0.4549E+00  0.3307E+01
   2.360  0.4462E+00  0.3312E+01
   2.370  0.4376E+00  0.3316E+01
   2.380  0.4292E+00  0.3320E+01
   2.390  0.4211E+00  0.3325E+01
   2.400  0.4134E+00  0.3329E+01
   2.410  0.4062E+00  0.3333E+01
   2.420  0.3997E+00  0.3337E+01
   2.430  0.3939E+00  0.3341E+01
   2.440  0.3889E+00  0.3345E+01
   2.450  0.3846E+00  0.3348E+01
   2.460  0.3812E+00  0.3352E+01
   2.470  0.3786E+00  0.3356E+01
   2.480  0.3767E+00  0.3360E+01
   2.490  0.3755E+00  0.3364E+01
   2.500  0.3748E+00  0.3367E+01
   2.510  0.3747E+00  0.3371E+01
   2.520  0.3749E+00  0.3375E+01
   2.530  0.3754E+00  0.3379E+01
   2.540  0.3760E+00  0.3382E+01
   2.550  0.3767E+00  0.3386E+01
   2.560  0.3774E+00  0.3390E+01
   2.570  0.3780E+00  0.3394E+01
   2.580  0.3785E+00  0.3397E+01
   2.590  0.3788E+00  0.3401E+01
   2.600  0.3788E+00  0.3405E+01
   2.610  0.3787E+00  0.3409E+01
   2.620  0.3785E+00  0.3413E+01
   2.630  0.3781E+00  0.3416E+01
   2.640  0.3775E+00  0.3420E+01
   2.650  0.3770E+00  0.3424E+01
   2.660  0.3764E+00  0.3428E+01
   2.670  0.3758E+00  0.3431E+01
   2.680  0.3753E+00  0.3435E+01
   2.690  0.3749E+00  0.3439E+01
   2.700  0.3746E+00  0.3443E+01
   2.710  0.3744E+00  0.3446E+01
   2.720  0.3742E+00  0.3450E+01
   2.730  0.3739E+00  0.3454E+01
   2.740  0.3736E+00  0.3458E+01
   2.750  0.3730E+00  0.3461E+01
   2.760  0.3721E+00  0.3465E+01
   2.770  0.3708E+00  0.3469E+01
   2.780  0.3690E+00  0.3472E+01
   2.790  0.3664E+00  0.3476E+01
   2.800  0.3631E+00  0.3480E+01
   2.810  0.3590E+00  0.3483E+01
   2.820  0.3540E+00  0.3487E+01
   2.830  0.3482E+00  0.3490E+01
   2.840  0.3416E+00  0.3494E+01
   2.850  0.3343E+00  0.3497E+01
   2.860  0.3264E+00  0.3500E+01
   2.870  0.3180E+00  0.3504E+01
   2.880  0.3095E+00  0.3507E+01
   2.890  0.3009E+00  0.3510E+01
   2.900  0.2925E+00  0.3513E+01
   2.910  0.2847E+00  0.3515E+01
   2.920  0.2774E+00  0.3518E+01
   2.930  0.2711E+00  0.3521E+01
   2.940  0.2658E+00  0.3524E+01
   2.950  0.2617E+00  0.3526E+01
   2.960  0.2589E+00  0.3529E+01
   2.970  0.2574E+00  0.3531E+01
   2.980  0.2571E+00  0.3534E+01
   2.990  0.2581E+00  0.3536E+01
   3.000  0.2602E+00  0.3539E+01
   3.010  0.2632E+00  0.3542E+01
   3.020  0.2671E+00  0.3544E+01
   3.030  0.2715E+00  0.3547E+01
   3.040  0.2763E+00  0.3550E+01
   3.050  0.2812E+00  0.3553E+01
   3.060  0.2861E+00  0.3556E+01
   3.070  0.2907E+00  0.3558E+01
   3.080  0.2948E+00  0.3561E+01
   3.090  0.2984E+00  0.3564E+01
   3.100  0.3014E+00  0.3567E+01
   3.110  0.3035E+00  0.3570E+01
   3.120  0.3049E+00  0.3573E+01
   3.130  0.3055E+00  0.3577E+01
   3.140  0.3053E+00  0.3580E+01
   3.150  0.3044E+00  0.3583E+01
   3.160  0.3029E+00  0.3586E+01
   3.170  0.3008E+00  0.3589E+01
   3.180  0.2982E+00  0.3592E+01
   3.190  0.2952E+00  0.3595E+01
   3.200  0.2919E+00  0.3598E+01
   3.210  0.2884E+00  0.3600E+01
   3.220  0.2848E+00  0.3603E+01
   3.230  0.2810E+00  0.3606E+01
   3.240  0.2772E+00  0.3609E+01
   3.250  0.2733E+00  0.3612E+01
   3.260  0.2694E+00  0.3614E+01
   3.270  0.2654E+00  0.3617E+01
   3.280  0.2615E+00  0.3620E+01
   3.290  0.2576E+00  0.3622E+01
   3.300  0.2537E+00  0.3625E+01
   3.310  0.2499E+00  0.3627E+01
   3.320  0.2461E+00  0.3630E+01
   3.330  0.2425E+00  0.3632E+01
   3.340  0.2389E+00  0.3634E+01
   3.350  0.2356E+00  0.3637E+01
   3.360  0.2325E+00  0.3639E+01
   3.370  0.2297E+00  0.3641E+01
   3.380  0.2271E+00  0.3644E+01
   3.390  0.2249E+00  0.3646E+01
   3.400  0.2230E+00  0.3648E+01
   3.410  0.2215E+00  0.3650E+01
   3.420  0.2202E+00  0.3653E+01
   3.430  0.2193E+00  0.3655E+01
   3.440  0.2186E+00  0.3657E+01
   3.450  0.2180E+00  0.3659E+01
   3.460  0.2176E+00  0.3661E+01
   3.470  0.2173E+00  0.3663E+01
   3.480  0.2169E+00  0.3666E+01
   3.490  0.2165E+00  0.3668E+01
   3.500  0.2159E+00  0.3670E+01
   3.510  0.2151E+00  0.3672E+01
   3.520  0.2141E+00  0.3674E+01
   3.530  0.2129E+00  0.3676E+01
   3.540  0.2115E+00  0.3679E+01
   3.550  0.2099E+00  0.3681E+01
   3.560  0.2082E+00  0.3683E+01
   3.570  0.2063E+00  0.3685E+01
   3.580  0.2044E+00  0.3687E+01
   3.590  0.2026E+00  0.3689E+01
   3.600  0.2009E+00  0.3691E+01
   3.610  0.1994E+00  0.3693E+01
   3.620  0.1981E+00  0.3695E+01
   3.630  0.1973E+00  0.3697E+01
   3.640  0.1968E+00  0.3699E+01
   3.650  0.1968E+00  0.3701E+01
   3.660  0.1972E+00  0.3703E+01
   3.670  0.1980E+00  0.3705E+01
   3.680  0.1993E+00  0.3707E+01
   3.690  0.2010E+00  0.3709E+01
   3.700  0.2030E+00  0.3711E+01
   3.710  0.2053E+00  0.3713E+01
   3.720  0.2078E+00  0.3715E+01
   3.730  0.2103E+00  0.3717E+01
   3.740  0.2129E+00  0.3719E+01
   3.750  0.2154E+00  0.3721E+01
   3.760  0.2176E+00  0.3723E+01
   3.770  0.2195E+00  0.3726E+01
   3.780  0.2210E+00  0.3728E+01
   3.790  0.2221E+00  0.3730E+01
   3.800  0.2225E+00  0.3732E+01
   3.810  0.2223E+00  0.3734E+01
   3.820  0.2213E+00  0.3737E+01
   3.830  0.2197E+00  0.3739E+01
   3.840  0.2172E+00  0.3741E+01
   3.850  0.2140E+00  0.3743E+01
   3.860  0.2101E+00  0.3745E+01
   3.870  0.2055E+00  0.3747E+01
   3.880  0.2004E+00  0.3749E+01
   3.890  0.1947E+00  0.3751E+01
   3.900  0.1886E+00  0.3753E+01
   3.910  0.1822E+00  0.3755E+01
   3.920  0.1757E+00  0.3757E+01
   3.930  0.1693E+00  0.3758E+01
   3.940  0.1630E+00  0.3760E+01
   3.950  0.1570E+00  0.3762E+01
   3.960  0.1515E+00  0.3763E+01
   3.970  0.1465E+00  0.3765E+01
   3.980  0.1422E+00  0.3766E+01
   3.990  0.1387E+00  0.3767E+01
   4.000  0.1359E+00  0.3769E+01
   4.010  0.1340E+00  0.3770E+01
   4.020  0.1329E+00  0.3771E+01
   4.030  0.1327E+00  0.3773E+01
   4.040  0.1331E+00  0.3774E+01
   4.050  0.1342E+00  0.3775E+01
   4.060  0.1359E+00  0.3777E+01
   4.070  0.1380E+00  0.3778E+01
   4.080  0.1405E+00  0.3780E+01
   4.090  0.1431E+00  0.3781E+01
   4.100  0.1458E+00  0.3783E+01
   4.110  0.1485E+00  0.3784E+01
   4.120  0.1509E+00  0.3786E+01
   4.130  0.1531E+00  0.3787E+01
   4.140  0.1549E+00  0.3789E+01
   4.150  0.1562E+00  0.3790E+01
   4.160  0.1571E+00  0.3792E+01
   4.170  0.1575E+00  0.3793E+01
   4.180  0.1574E+00  0.3795E+01
   4.190  0.1568E+00  0.3796E+01
   4.200  0.1559E+00  0.3798E+01
   4.210  0.1546E+00  0.3800E+01
   4.220  0.1531E+00  0.3801E+01
   4.230  0.1516E+00  0.3803E+01
   4.240  0.1500E+00  0.3804E+01
   4.250  0.1486E+00  0.3806E+01
   4.260  0.1475E+00  0.3807E+01
   4.270  0.1466E+00  0.3809E+01
   4.280  0.1462E+00  0.3810E+01
   4.290  0.1462E+00  0.3811E+01
   4.300  0.1467E+00  0.3813E+01
   4.310  0.1476E+00  0.3814E+01
   4.320  0.1488E+00  0.3816E+01
   4.330  0.1505E+00  0.3817E+01
   4.340  0.1523E+00  0.3819E+01
   4.350  0.1543E+00  0.3820E+01
   4.360  0.1563E+00  0.3822E+01
   4.370  0.1581E+00  0.3824E+01
   4.380  0.1598E+00  0.3825E+01
   4.390  0.1611E+00  0.3827E+01
   4.400  0.1620E+00  0.3828E+01
   4.410  0.1626E+00  0.3830E+01
   4.420  0.1627E+00  0.3832E+01
   4.430  0.1625E+00  0.3833E+01
   4.440  0.1619E+00  0.3835E+01
   4.450  0.1612E+00  0.3837E+01
   4.460  0.1605E+00  0.3838E+01
   4.470  0.1599E+00  0.3840E+01
   4.480  0.1597E+00  0.3841E+01
   4.490  0.1601E+00  0.3843E+01
   4.500  0.1612E+00  0.3845E+01
   4.510  0.1634E+00  0.3846E+01
   4.520  0.1669E+00  0.3848E+01
   4.530  0.1718E+00  0.3850E+01
   4.540  0.1783E+00  0.3851E+01
   4.550  0.1867E+00  0.3853E+01
   4.560  0.1970E+00  0.3855E+01
   4.570  0.2093E+00  0.3857E+01
   4.580  0.2238E+00  0.3860E+01
   4.590  0.2405E+00  0.3862E+01
   4.600  0.2595E+00  0.3865E+01
   4.610  0.2807E+00  0.3867E+01
   4.620  0.3041E+00  0.3870E+01
   4.630  0.3297E+00  0.3874E+01
   4.640  0.3575E+00  0.3877E+01
   4.650  0.3873E+00  0.3881E+01
   4.660  0.4190E+00  0.3885E+01
   4.670  0.4526E+00  0.3890E+01
   4.680  0.4879E+00  0.3895E+01
   4.690  0.5247E+00  0.3900E+01
   4.700  0.5630E+00  0.3906E+01
   4.710  0.6024E+00  0.3912E+01
   4.720  0.6429E+00  0.3918E+01
   4.730  0.6843E+00  0.3925E+01
   4.740  0.7263E+00  0.3932E+01
   4.750  0.7687E+00  0.3940E+01
   4.760  0.8113E+00  0.3948E+01
   4.770  0.8540E+00  0.3956E+01
   4.780  0.8963E+00  0.3965E+01
   4.790  0.9381E+00  0.3975E+01
   4.800  0.9792E+00  0.3985E+01
   4.810  0.1019E+01  0.3995E+01
   4.820  0.1058E+01  0.4005E+01
   4.830  0.1096E+01  0.4016E+01
   4.840  0.1131E+01  0.4028E+01
   4.850  0.1165E+01  0.4039E+01
   4.860  0.1196E+01  0.4051E+01
   4.870  0.1225E+01  0.4064E+01
   4.880  0.1252E+01  0.4076E+01
   4.890  0.1276E+01  0.4089E+01
   4.900  0.1297E+01  0.4102E+01
   4.910  0.1315E+01  0.4115E+01
   4.920  0.1330E+01  0.4128E+01
   4.930  0.1342E+01  0.4142E+01
   4.940  0.1351E+01  0.4155E+01
   4.950  0.1357E+01  0.4169E+01
   4.960  0.1360E+01  0.4182E+01
   4.970  0.1361E+01  0.4196E+01
   4.980  0.1360E+01  0.4209E+01
   4.990  0.1356E+01  0.4223E+01
   5.000  0.1350E+01  0.4237E+01
   5.010  0.1342E+01  0.4250E+01
   5.020  0.1332E+01  0.4263E+01
   5.030  0.1321E+01  0.4276E+01
   5.040  0.1309E+01  0.4290E+01
   5.050  0.1295E+01  0.4303E+01
   5.060  0.1281E+01  0.4315E+01
   5.070  0.1267E+01  0.4328E+01
   5.080  0.1252E+01  0.4341E+01
   5.090  0.1237E+01  0.4353E+01
   5.100  0.1223E+01  0.4365E+01
   5.110  0.1209E+01  0.4377E+01
   5.120  0.1196E+01  0.4389E+01
   5.130  0.1184E+01  0.4401E+01
   5.140  0.1174E+01  0.4413E+01
   5.150  0.1165E+01  0.4424E+01
   5.160  0.1158E+01  0.4436E+01
   5.170  0.1152E+01  0.4448E+01
   5.180  0.1149E+01  0.4459E+01
   5.190  0.1147E+01  0.4470E+01
   5.200  0.1147E+01  0.4482E+01
   5.210  0.1148E+01  0.4493E+01
   5.220  0.1150E+01  0.4505E+01
   5.230  0.1153E+01  0.4516E+01
   5.240  0.1156E+01  0.4528E+01
   5.250  0.1159E+01  0.4540E+01
   5.260  0.1162E+01  0.4551E+01
   5.270  0.1164E+01  0.4563E+01
   5.280  0.1164E+01  0.4574E+01
   5.290  0.1164E+01  0.4586E+01
   5.300  0.1161E+01  0.4598E+01
   5.310  0.1158E+01  0.4609E+01
   5.320  0.1153E+01  0.4621E+01
   5.330  0.1146E+01  0.4632E+01
   5.340  0.1138E+01  0.4644E+01
   5.350  0.1129E+01  0.4655E+01
   5.360  0.1119E+01  0.4666E+01
   5.370  0.1110E+01  0.4677E+01
   5.380  0.1100E+01  0.4688E+01
   5.390  0.1090E+01  0.4699E+01
   5.400  0.1082E+01  0.4710E+01
   5.410  0.1075E+01  0.4721E+01
   5.420  0.1070E+01  0.4731E+01
   5.430  0.1066E+01  0.4742E+01
   5.440  0.1064E+01  0.4753E+01
   5.450  0.1065E+01  0.4763E+01
   5.460  0.1068E+01  0.4774E+01
   5.470  0.1072E+01  0.4785E+01
   5.480  0.1079E+01  0.4796E+01
   5.490  0.1088E+01  0.4806E+01
   5.500  0.1098E+01  0.4817E+01
   5.510  0.1109E+01  0.4829E+01
   5.520  0.1122E+01  0.4840E+01
   5.530  0.1135E+01  0.4851E+01
   5.540  0.1148E+01  0.4863E+01
   5.550  0.1162E+01  0.4874E+01
   5.560  0.1175E+01  0.4886E+01
   5.570  0.1188E+01  0.4898E+01
   5.580  0.1200E+01  0.4910E+01
   5.590  0.1212E+01  0.4922E+01
   5.600  0.1223E+01  0.4934E+01
   5.610  0.1234E+01  0.4947E+01
   5.620  0.1244E+01  0.4959E+01
   5.630  0.1253E+01  0.4971E+01
   5.640  0.1262E+01  0.4984E+01
   5.650  0.1271E+01  0.4997E+01
   5.660  0.1279E+01  0.5010E+01
   5.670  0.1286E+01  0.5022E+01
   5.680  0.1293E+01  0.5035E+01
   5.690  0.1299E+01  0.5048E+01
   5.700  0.1305E+01  0.5061E+01
   5.710  0.1309E+01  0.5075E+01
   5.720  0.1314E+01  0.5088E+01
   5.730  0.1317E+01  0.5101E+01
   5.740  0.1319E+01  0.5114E+01
   5.750  0.1321E+01  0.5127E+01
   5.760  0.1322E+01  0.5140E+01
   5.770  0.1323E+01  0.5154E+01
   5.780  0.1323E+01  0.5167E+01
   5.790  0.1323E+01  0.5180E+01
   5.800  0.1323E+01  0.5193E+01
   5.810  0.1324E+01  0.5207E+01
   5.820  0.1325E+01  0.5220E+01
   5.830  0.1326E+01  0.5233E+01
   5.840  0.1328E+01  0.5246E+01
   5.850  0.1332E+01  0.5260E+01
   5.860  0.1336E+01  0.5273E+01
   5.870  0.1342E+01  0.5287E+01
   5.880  0.1350E+01  0.5300E+01
   5.890  0.1359E+01  0.5314E+01
   5.900  0.1369E+01  0.5327E+01
   5.910  0.1381E+01  0.5341E+01
   5.920  0.1395E+01  0.5355E+01
   5.930  0.1409E+01  0.5369E+01
   5.940  0.1425E+01  0.5383E+01
   5.950  0.1443E+01  0.5398E+01
   5.960  0.1461E+01  0.5412E+01
   5.970  0.1479E+01  0.5427E+01
   5.980  0.1499E+01  0.5442E+01
   5.990  0.1518E+01  0.5457E+01
   6.000  0.1537E+01  0.5473E+01
   6.010  0.1556E+01  0.5488E+01
   6.020  0.1574E+01  0.5504E+01
   6.030  0.1590E+01  0.5520E+01
   6.040  0.1605E+01  0.5536E+01
   6.050  0.1618E+01  0.5552E+01
   6.060  0.1628E+01  0.5568E+01
   6.070  0.1636E+01  0.5585E+01
   6.080  0.1640E+01  0.5601E+01
   6.090  0.1641E+01  0.5618E+01
   6.100  0.1639E+01  0.5634E+01
   6.110  0.1634E+01  0.5650E+01
   6.120  0.1625E+01  0.5667E+01
   6.130  0.1613E+01  0.5683E+01
   6.140  0.1599E+01  0.5699E+01
   6.150  0.1582E+01  0.5715E+01
   6.160  0.1564E+01  0.5730E+01
   6.170  0.1545E+01  0.5746E+01
   6.180  0.1525E+01  0.5761E+01
   6.190  0.1506E+01  0.5776E+01
   6.200  0.1488E+01  0.5791E+01
   6.210  0.1472E+01  0.5806E+01
   6.220  0.1459E+01  0.5820E+01
   6.230  0.1448E+01  0.5835E+01
   6.240  0.1441E+01  0.5849E+01
   6.250  0.1437E+01  0.5863E+01
   6.260  0.1437E+01  0.5878E+01
   6.270  0.1440E+01  0.5892E+01
   6.280  0.1447E+01  0.5907E+01
   6.290  0.1456E+01  0.5921E+01
   6.300  0.1467E+01  0.5936E+01
   6.310  0.1479E+01  0.5951E+01
   6.320  0.1491E+01  0.5966E+01
   6.330  0.1504E+01  0.5981E+01
   6.340  0.1515E+01  0.5996E+01
   6.350  0.1525E+01  0.6011E+01
   6.360  0.1532E+01  0.6026E+01
   6.370  0.1537E+01  0.6042E+01
   6.380  0.1538E+01  0.6057E+01
   6.390  0.1536E+01  0.6072E+01
   6.400  0.1530E+01  0.6088E+01
   6.410  0.1521E+01  0.6103E+01
   6.420  0.1510E+01  0.6118E+01
   6.430  0.1495E+01  0.6133E+01
   6.440  0.1479E+01  0.6148E+01
   6.450  0.1461E+01  0.6162E+01
   6.460  0.1442E+01  0.6177E+01
   6.470  0.1422E+01  0.6191E+01
   6.480  0.1403E+01  0.6205E+01
   6.490  0.1385E+01  0.6219E+01
   6.500  0.1368E+01  0.6233E+01
   6.510  0.1353E+01  0.6246E+01
   6.520  0.1340E+01  0.6260E+01
   6.530  0.1330E+01  0.6273E+01
   6.540  0.1322E+01  0.6286E+01
   6.550  0.1318E+01  0.6299E+01
   6.560  0.1316E+01  0.6312E+01
   6.570  0.1317E+01  0.6326E+01
   6.580  0.1320E+01  0.6339E+01
   6.590  0.1326E+01  0.6352E+01
   6.600  0.1333E+01  0.6365E+01
   6.610  0.1342E+01  0.6379E+01
   6.620  0.1353E+01  0.6392E+01
   6.630  0.1364E+01  0.6406E+01
   6.640  0.1375E+01  0.6420E+01
   6.650  0.1386E+01  0.6434E+01
   6.660  0.1397E+01  0.6448E+01
   6.670  0.1406E+01  0.6462E+01
   6.680  0.1415E+01  0.6476E+01
   6.690  0.1422E+01  0.6490E+01
   6.700  0.1426E+01  0.6504E+01
   6.710  0.1429E+01  0.6518E+01
   6.720  0.1430E+01  0.6533E+01
   6.730  0.1429E+01  0.6547E+01
   6.740  0.1426E+01  0.6561E+01
   6.750  0.1421E+01  0.6576E+01
   6.760  0.1414E+01  0.6590E+01
   6.770  0.1405E+01  0.6604E+01
   6.780  0.1396E+01  0.6618E+01
   6.790  0.1385E+01  0.6632E+01
   6.800  0.1373E+01  0.6645E+01
   6.810  0.1362E+01  0.6659E+01
   6.820  0.1350E+01  0.6672E+01
   6.830  0.1338E+01  0.6686E+01
   6.840  0.1326E+01  0.6699E+01
   6.850  0.1315E+01  0.6712E+01
   6.860  0.1305E+01  0.6725E+01
   6.870  0.1295E+01  0.6738E+01
   6.880  0.1286E+01  0.6751E+01
   6.890  0.1278E+01  0.6764E+01
   6.900  0.1271E+01  0.6777E+01
   6.910  0.1264E+01  0.6789E+01
   6.920  0.1258E+01  0.6802E+01
   6.930  0.1252E+01  0.6814E+01
   6.940  0.1247E+01  0.6827E+01
   6.950  0.1242E+01  0.6839E+01
   6.960  0.1237E+01  0.6852E+01
   6.970  0.1232E+01  0.6864E+01
   6.980  0.1228E+01  0.6876E+01
   6.990  0.1223E+01  0.6888E+01
   7.000  0.1220E+01  0.6901E+01
   7.010  0.1216E+01  0.6913E+01
   7.020  0.1213E+01  0.6925E+01
   7.030  0.1211E+01  0.6937E+01
   7.040  0.1210E+01  0.6949E+01
   7.050  0.1211E+01  0.6961E+01
   7.060  0.1212E+01  0.6973E+01
   7.070  0.1214E+01  0.6985E+01
   7.080  0.1218E+01  0.6998E+01
   7.090  0.1223E+01  0.7010E+01
   7.100  0.1229E+01  0.7022E+01
   7.110  0.1236E+01  0.7035E+01
   7.120  0.1244E+01  0.7047E+01
   7.130  0.1252E+01  0.7059E+01
   7.140  0.1259E+01  0.7072E+01
   7.150  0.1266E+01  0.7085E+01
   7.160  0.1273E+01  0.7097E+01
   7.170  0.1278E+01  0.7110E+01
   7.180  0.1282E+01  0.7123E+01
   7.190  0.1284E+01  0.7136E+01
   7.200  0.1284E+01  0.7149E+01
   7.210  0.1282E+01  0.7162E+01
   7.220  0.1278E+01  0.7174E+01
   7.230  0.1272E+01  0.7187E+01
   7.240  0.1265E+01  0.7200E+01
   7.250  0.1255E+01  0.7212E+01
   7.260  0.1245E+01  0.7225E+01
   7.270  0.1233E+01  0.7237E+01
   7.280  0.1220E+01  0.7249E+01
   7.290  0.1206E+01  0.7261E+01
   7.300  0.1192E+01  0.7273E+01
   7.310  0.1179E+01  0.7285E+01
   7.320  0.1165E+01  0.7297E+01
   7.330  0.1152E+01  0.7308E+01
   7.340  0.1139E+01  0.7320E+01
   7.350  0.1127E+01  0.7331E+01
   7.360  0.1116E+01  0.7342E+01
   7.370  0.1105E+01  0.7353E+01
   7.380  0.1095E+01  0.7364E+01
   7.390  0.1085E+01  0.7375E+01
   7.400  0.1076E+01  0.7386E+01
   7.410  0.1067E+01  0.7396E+01
   7.420  0.1058E+01  0.7407E+01
   7.430  0.1049E+01  0.7417E+01
   7.440  0.1040E+01  0.7428E+01
   7.450  0.1031E+01  0.7438E+01
   7.460  0.1021E+01  0.7448E+01
   7.470  0.1011E+01  0.7458E+01
   7.480  0.9996E+00  0.7468E+01
   7.490  0.9881E+00  0.7478E+01
   7.500  0.9760E+00  0.7488E+01
   7.510  0.9635E+00  0.7498E+01
   7.520  0.9506E+00  0.7507E+01
   7.530  0.9374E+00  0.7517E+01
   7.540  0.9240E+00  0.7526E+01
   7.550  0.9104E+00  0.7535E+01
   7.560  0.8969E+00  0.7544E+01
   7.570  0.8834E+00  0.7553E+01
   7.580  0.8700E+00  0.7561E+01
   7.590  0.8568E+00  0.7570E+01
   7.600  0.8437E+00  0.7578E+01
   7.610  0.8308E+00  0.7587E+01
   7.620  0.8181E+00  0.7595E+01
   7.630  0.8055E+00  0.7603E+01
   7.640  0.7929E+00  0.7611E+01
   7.650  0.7804E+00  0.7619E+01
   7.660  0.7678E+00  0.7626E+01
   7.670  0.7552E+00  0.7634E+01
   7.680  0.7424E+00  0.7641E+01
   7.690  0.7296E+00  0.7649E+01
   7.700  0.7166E+00  0.7656E+01
   7.710  0.7036E+00  0.7663E+01
   7.720  0.6905E+00  0.7670E+01
   7.730  0.6773E+00  0.7676E+01
   7.740  0.6642E+00  0.7683E+01
   7.750  0.6512E+00  0.7690E+01
   7.760  0.6383E+00  0.7696E+01
   7.770  0.6257E+00  0.7702E+01
   7.780  0.6132E+00  0.7708E+01
   7.790  0.6011E+00  0.7714E+01
   7.800  0.5893E+00  0.7720E+01
   7.810  0.5779E+00  0.7726E+01
   7.820  0.5668E+00  0.7732E+01
   7.830  0.5561E+00  0.7737E+01
   7.840  0.5458E+00  0.7743E+01
   7.850  0.5358E+00  0.7748E+01
   7.860  0.5263E+00  0.7753E+01
   7.870  0.5171E+00  0.7759E+01
   7.880  0.5082E+00  0.7764E+01
   7.890  0.4997E+00  0.7769E+01
   7.900  0.4915E+00  0.7774E+01
   7.910  0.4837E+00  0.7778E+01
   7.920  0.4763E+00  0.7783E+01
   7.930  0.4692E+00  0.7788E+01
   7.940  0.4624E+00  0.7792E+01
   7.950  0.4560E+00  0.7797E+01
   7.960  0.4498E+00  0.7802E+01
   7.970  0.4440E+00  0.7806E+01
   7.980  0.4385E+00  0.7810E+01
   7.990  0.4331E+00  0.7815E+01
   8.000  0.4280E+00  0.7819E+01
   8.010  0.4230E+00  0.7823E+01
   8.020  0.4180E+00  0.7827E+01
   8.030  0.4131E+00  0.7832E+01
   8.040  0.4082E+00  0.7836E+01
   8.050  0.4032E+00  0.7840E+01
   8.060  0.3981E+00  0.7844E+01
   8.070  0.3928E+00  0.7848E+01
   8.080  0.3874E+00  0.7851E+01
   8.090  0.3818E+00  0.7855E+01
   8.100  0.3760E+00  0.7859E+01
   8.110  0.3701E+00  0.7863E+01
   8.120  0.3641E+00  0.7866E+01
   8.130  0.3580E+00  0.7870E+01
   8.140  0.3518E+00  0.7873E+01
   8.150  0.3456E+00  0.7877E+01
   8.160  0.3394E+00  0.7880E+01
   8.170  0.3332E+00  0.7884E+01
   8.180  0.3271E+00  0.7887E+01
   8.190  0.3211E+00  0.7890E+01
   8.200  0.3152E+00  0.7893E+01
   8.210  0.3095E+00  0.7896E+01
   8.220  0.3038E+00  0.7899E+01
   8.230  0.2983E+00  0.7902E+01
   8.240  0.2930E+00  0.7905E+01
   8.250  0.2878E+00  0.7908E+01
   8.260  0.2828E+00  0.7911E+01
   8.270  0.2779E+00  0.7914E+01
   8.280  0.2732E+00  0.7917E+01
   8.290  0.2687E+00  0.7919E+01
   8.300  0.2644E+00  0.7922E+01
   8.310  0.2602E+00  0.7924E+01
   8.320  0.2563E+00  0.7927E+01
   8.330  0.2525E+00  0.7930E+01
   8.340  0.2489E+00  0.7932E+01
   8.350  0.2454E+00  0.7934E+01
   8.360  0.2421E+00  0.7937E+01
   8.370  0.2388E+00  0.7939E+01
   8.380  0.2356E+00  0.7942E+01
   8.390  0.2323E+00  0.7944E+01
   8.400  0.2290E+00  0.7946E+01
   8.410  0.2254E+00  0.7949E+01
   8.420  0.2217E+00  0.7951E+01
   8.430  0.2177E+00  0.7953E+01
   8.440  0.2133E+00  0.7955E+01
   8.450  0.2087E+00  0.7957E+01
   8.460  0.2037E+00  0.7959E+01
   8.470  0.1983E+00  0.7961E+01
   8.480  0.1927E+00  0.7963E+01
   8.490  0.1868E+00  0.7965E+01
   8.500  0.1807E+00  0.7967E+01
   8.510  0.1744E+00  0.7968E+01
   8.520  0.1681E+00  0.7970E+01
   8.530  0.1618E+00  0.7972E+01
   8.540  0.1555E+00  0.7973E+01
   8.550  0.1494E+00  0.7975E+01
   8.560  0.1434E+00  0.7976E+01
   8.570  0.1377E+00  0.7978E+01
   8.580  0.1322E+00  0.7979E+01
   8.590  0.1271E+00  0.7980E+01
   8.600  0.1222E+00  0.7981E+01
   8.610  0.1176E+00  0.7983E+01
   8.620  0.1132E+00  0.7984E+01
   8.630  0.1091E+00  0.7985E+01
   8.640  0.1052E+00  0.7986E+01
   8.650  0.1016E+00  0.7987E+01
   8.660  0.9807E-01  0.7988E+01
   8.670  0.9472E-01  0.7989E+01
   8.680  0.9149E-01  0.7990E+01
   8.690  0.8838E-01  0.7991E+01
   8.700  0.8536E-01  0.7992E+01
   8.710  0.8242E-01  0.7992E+01
   8.720  0.7954E-01  0.7993E+01
   8.730  0.7673E-01  0.7994E+01
   8.740  0.7398E-01  0.7995E+01
   8.750  0.7127E-01  0.7995E+01
   8.760  0.6861E-01  0.7996E+01
   8.770  0.6599E-01  0.7997E+01
   8.780  0.6341E-01  0.7997E+01
   8.790  0.6086E-01  0.7998E+01
   8.800  0.5836E-01  0.7999E+01
   8.810  0.5589E-01  0.7999E+01
   8.820  0.5347E-01  0.8000E+01
   8.830  0.5109E-01  0.8000E+01
   8.840  0.4877E-01  0.8001E+01
   8.850  0.4651E-01  0.8001E+01
   8.860  0.4432E-01  0.8002E+01
   8.870  0.4222E-01  0.8002E+01
   8.880  0.4023E-01  0.8002E+01
   8.890  0.3834E-01  0.8003E+01
   8.900  0.3659E-01  0.8003E+01
   8.910  0.3500E-01  0.8003E+01
   8.920  0.3359E-01  0.8004E+01
   8.930  0.3238E-01  0.8004E+01
   8.940  0.3141E-01  0.8004E+01
   8.950  0.3070E-01  0.8005E+01
   8.960  0.3029E-01  0.8005E+01
   8.970  0.3023E-01  0.8005E+01
   8.980  0.3054E-01  0.8006E+01
   8.990  0.3128E-01  0.8006E+01
   9.000  0.3248E-01  0.8006E+01
   9.010  0.3418E-01  0.8007E+01
   9.020  0.3643E-01  0.8007E+01
   9.030  0.3926E-01  0.8007E+01
   9.040  0.4270E-01  0.8008E+01
   9.050  0.4676E-01  0.8008E+01
   9.060  0.5144E-01  0.8009E+01
   9.070  0.5674E-01  0.8009E+01
   9.080  0.6263E-01  0.8010E+01
   9.090  0.6906E-01  0.8011E+01
   9.100  0.7597E-01  0.8011E+01
   9.110  0.8329E-01  0.8012E+01
   9.120  0.9091E-01  0.8013E+01
   9.130  0.9873E-01  0.8014E+01
   9.140  0.1066E+00  0.8015E+01
   9.150  0.1144E+00  0.8016E+01
   9.160  0.1221E+00  0.8018E+01
   9.170  0.1294E+00  0.8019E+01
   9.180  0.1362E+00  0.8020E+01
   9.190  0.1425E+00  0.8022E+01
   9.200  0.1481E+00  0.8023E+01
   9.210  0.1530E+00  0.8025E+01
   9.220  0.1571E+00  0.8026E+01
   9.230  0.1603E+00  0.8028E+01
   9.240  0.1627E+00  0.8029E+01
   9.250  0.1644E+00  0.8031E+01
   9.260  0.1652E+00  0.8033E+01
   9.270  0.1654E+00  0.8034E+01
   9.280  0.1650E+00  0.8036E+01
   9.290  0.1642E+00  0.8038E+01
   9.300  0.1629E+00  0.8039E+01
   9.310  0.1615E+00  0.8041E+01
   9.320  0.1599E+00  0.8043E+01
   9.330  0.1584E+00  0.8044E+01
   9.340  0.1571E+00  0.8046E+01
   9.350  0.1562E+00  0.8047E+01
   9.360  0.1556E+00  0.8049E+01
   9.370  0.1557E+00  0.8050E+01
   9.380  0.1564E+00  0.8052E+01
   9.390  0.1579E+00  0.8054E+01
   9.400  0.1602E+00  0.8055E+01
   9.410  0.1635E+00  0.8057E+01
   9.420  0.1678E+00  0.8058E+01
   9.430  0.1732E+00  0.8060E+01
   9.440  0.1796E+00  0.8062E+01
   9.450  0.1872E+00  0.8064E+01
   9.460  0.1960E+00  0.8066E+01
   9.470  0.2060E+00  0.8068E+01
   9.480  0.2171E+00  0.8070E+01
   9.490  0.2293E+00  0.8072E+01
   9.500  0.2427E+00  0.8075E+01
   9.510  0.2571E+00  0.8077E+01
   9.520  0.2725E+00  0.8080E+01
   9.530  0.2887E+00  0.8083E+01
   9.540  0.3058E+00  0.8086E+01
   9.550  0.3236E+00  0.8089E+01
   9.560  0.3419E+00  0.8093E+01
   9.570  0.3607E+00  0.8096E+01
   9.580  0.3799E+00  0.8100E+01
   9.590  0.3993E+00  0.8104E+01
   9.600  0.4188E+00  0.8108E+01
   9.610  0.4383E+00  0.8113E+01
   9.620  0.4578E+00  0.8117E+01
   9.630  0.4771E+00  0.8122E+01
   9.640  0.4963E+00  0.8127E+01
   9.650  0.5152E+00  0.8132E+01
   9.660  0.5339E+00  0.8137E+01
   9.670  0.5523E+00  0.8143E+01
   9.680  0.5706E+00  0.8149E+01
   9.690  0.5886E+00  0.8155E+01
   9.700  0.6066E+00  0.8161E+01
   9.710  0.6244E+00  0.8167E+01
   9.720  0.6422E+00  0.8173E+01
   9.730  0.6600E+00  0.8180E+01
   9.740  0.6778E+00  0.8187E+01
   9.750  0.6955E+00  0.8194E+01
   9.760  0.7132E+00  0.8201E+01
   9.770  0.7306E+00  0.8208E+01
   9.780  0.7477E+00  0.8216E+01
   9.790  0.7644E+00  0.8223E+01
   9.800  0.7804E+00  0.8231E+01
   9.810  0.7955E+00  0.8239E+01
   9.820  0.8096E+00  0.8247E+01
   9.830  0.8224E+00  0.8255E+01
   9.840  0.8338E+00  0.8264E+01
   9.850  0.8436E+00  0.8272E+01
   9.860  0.8517E+00  0.8281E+01
   9.870  0.8580E+00  0.8289E+01
   9.880  0.8626E+00  0.8298E+01
   9.890  0.8656E+00  0.8306E+01
   9.900  0.8672E+00  0.8315E+01
   9.910  0.8674E+00  0.8324E+01
   9.920  0.8667E+00  0.8332E+01
   9.930  0.8654E+00  0.8341E+01
   9.940  0.8638E+00  0.8350E+01
   9.950  0.8623E+00  0.8358E+01
   9.960  0.8613E+00  0.8367E+01
   9.970  0.8613E+00  0.8376E+01
   9.980  0.8626E+00  0.8384E+01
   9.990  0.8655E+00  0.8393E+01
  10.000  0.8703E+00  0.8402E+01
  10.010  0.8773E+00  0.8410E+01
  10.020  0.8867E+00  0.8419E+01
  10.030  0.8985E+00  0.8428E+01
  10.040  0.9128E+00  0.8437E+01
  10.050  0.9296E+00  0.8447E+01
  10.060  0.9489E+00  0.8456E+01
  10.070  0.9704E+00  0.8466E+01
  10.080  0.9941E+00  0.8476E+01
  10.090  0.1020E+01  0.8486E+01
  10.100  0.1047E+01  0.8496E+01
  10.110  0.1075E+01  0.8507E+01
  10.120  0.1105E+01  0.8518E+01
  10.130  0.1135E+01  0.8530E+01
  10.140  0.1166E+01  0.8541E+01
  10.150  0.1197E+01  0.8553E+01
  10.160  0.1227E+01  0.8565E+01
  10.170  0.1257E+01  0.8578E+01
  10.180  0.1286E+01  0.8591E+01
  10.190  0.1314E+01  0.8604E+01
  10.200  0.1341E+01  0.8617E+01
  10.210  0.1366E+01  0.8631E+01
  10.220  0.1389E+01  0.8645E+01
  10.230  0.1411E+01  0.8659E+01
  10.240  0.1432E+01  0.8673E+01
  10.250  0.1451E+01  0.8688E+01
  10.260  0.1468E+01  0.8703E+01
  10.270  0.1484E+01  0.8717E+01
  10.280  0.1499E+01  0.8732E+01
  10.290  0.1513E+01  0.8748E+01
  10.300  0.1527E+01  0.8763E+01
  10.310  0.1541E+01  0.8778E+01
  10.320  0.1554E+01  0.8794E+01
  10.330  0.1568E+01  0.8809E+01
  10.340  0.1583E+01  0.8825E+01
  10.350  0.1598E+01  0.8841E+01
  10.360  0.1615E+01  0.8857E+01
  10.370  0.1632E+01  0.8874E+01
  10.380  0.1651E+01  0.8890E+01
  10.390  0.1670E+01  0.8907E+01
  10.400  0.1690E+01  0.8924E+01
  10.410  0.1711E+01  0.8941E+01
  10.420  0.1733E+01  0.8958E+01
  10.430  0.1754E+01  0.8976E+01
  10.440  0.1775E+01  0.8994E+01
  10.450  0.1794E+01  0.9012E+01
  10.460  0.1812E+01  0.9030E+01
  10.470  0.1829E+01  0.9048E+01
  10.480  0.1842E+01  0.9066E+01
  10.490  0.1853E+01  0.9085E+01
  10.500  0.1860E+01  0.9103E+01
  10.510  0.1864E+01  0.9122E+01
  10.520  0.1863E+01  0.9141E+01
  10.530  0.1859E+01  0.9159E+01
  10.540  0.1850E+01  0.9178E+01
  10.550  0.1837E+01  0.9196E+01
  10.560  0.1820E+01  0.9214E+01
  10.570  0.1799E+01  0.9232E+01
  10.580  0.1775E+01  0.9250E+01
  10.590  0.1747E+01  0.9268E+01
  10.600  0.1717E+01  0.9285E+01
  10.610  0.1685E+01  0.9302E+01
  10.620  0.1652E+01  0.9318E+01
  10.630  0.1617E+01  0.9334E+01
  10.640  0.1582E+01  0.9350E+01
  10.650  0.1546E+01  0.9366E+01
  10.660  0.1511E+01  0.9381E+01
  10.670  0.1477E+01  0.9395E+01
  10.680  0.1444E+01  0.9410E+01
  10.690  0.1413E+01  0.9424E+01
  10.700  0.1383E+01  0.9438E+01
  10.710  0.1354E+01  0.9451E+01
  10.720  0.1328E+01  0.9465E+01
  10.730  0.1304E+01  0.9478E+01
  10.740  0.1282E+01  0.9491E+01
  10.750  0.1262E+01  0.9503E+01
  10.760  0.1243E+01  0.9516E+01
  10.770  0.1227E+01  0.9528E+01
  10.780  0.1212E+01  0.9540E+01
  10.790  0.1198E+01  0.9552E+01
  10.800  0.1186E+01  0.9564E+01
  10.810  0.1175E+01  0.9576E+01
  10.820  0.1166E+01  0.9587E+01
  10.830  0.1156E+01  0.9599E+01
  10.840  0.1148E+01  0.9610E+01
  10.850  0.1140E+01  0.9622E+01
  10.860  0.1132E+01  0.9633E+01
  10.870  0.1124E+01  0.9644E+01
  10.880  0.1117E+01  0.9655E+01
  10.890  0.1109E+01  0.9667E+01
  10.900  0.1101E+01  0.9678E+01
  10.910  0.1093E+01  0.9688E+01
  10.920  0.1085E+01  0.9699E+01
  10.930  0.1077E+01  0.9710E+01
  10.940  0.1068E+01  0.9721E+01
  10.950  0.1060E+01  0.9731E+01
  10.960  0.1052E+01  0.9742E+01
  10.970  0.1044E+01  0.9752E+01
  10.980  0.1037E+01  0.9763E+01
  10.990  0.1030E+01  0.9773E+01
  11.000  0.1023E+01  0.9783E+01
  11.010  0.1018E+01  0.9793E+01
  11.020  0.1012E+01  0.9804E+01
  11.030  0.1008E+01  0.9814E+01
  11.040  0.1004E+01  0.9824E+01
  11.050  0.1001E+01  0.9834E+01
  11.060  0.9981E+00  0.9844E+01
  11.070  0.9958E+00  0.9854E+01
  11.080  0.9937E+00  0.9864E+01
  11.090  0.9918E+00  0.9873E+01
  11.100  0.9899E+00  0.9883E+01
  11.110  0.9879E+00  0.9893E+01
  11.120  0.9857E+00  0.9903E+01
  11.130  0.9831E+00  0.9913E+01
  11.140  0.9803E+00  0.9923E+01
  11.150  0.9771E+00  0.9932E+01
  11.160  0.9737E+00  0.9942E+01
  11.170  0.9701E+00  0.9952E+01
  11.180  0.9665E+00  0.9962E+01
  11.190  0.9631E+00  0.9971E+01
  11.200  0.9600E+00  0.9981E+01
  11.210  0.9575E+00  0.9990E+01
  11.220  0.9560E+00  0.1000E+02
  11.230  0.9555E+00  0.1001E+02
  11.240  0.9565E+00  0.1002E+02
  11.250  0.9592E+00  0.1003E+02
  11.260  0.9637E+00  0.1004E+02
  11.270  0.9704E+00  0.1005E+02
  11.280  0.9793E+00  0.1006E+02
  11.290  0.9905E+00  0.1007E+02
  11.300  0.1004E+01  0.1008E+02
  11.310  0.1020E+01  0.1009E+02
  11.320  0.1037E+01  0.1010E+02
  11.330  0.1057E+01  0.1011E+02
  11.340  0.1077E+01  0.1012E+02
  11.350  0.1098E+01  0.1013E+02
  11.360  0.1120E+01  0.1014E+02
  11.370  0.1141E+01  0.1015E+02
  11.380  0.1162E+01  0.1016E+02
  11.390  0.1180E+01  0.1018E+02
  11.400  0.1197E+01  0.1019E+02
  11.410  0.1210E+01  0.1020E+02
  11.420  0.1220E+01  0.1021E+02
  11.430  0.1227E+01  0.1023E+02
  11.440  0.1229E+01  0.1024E+02
  11.450  0.1227E+01  0.1025E+02
  11.460  0.1222E+01  0.1026E+02
  11.470  0.1213E+01  0.1027E+02
  11.480  0.1200E+01  0.1029E+02
  11.490  0.1184E+01  0.1030E+02
  11.500  0.1165E+01  0.1031E+02
  11.510  0.1145E+01  0.1032E+02
  11.520  0.1123E+01  0.1033E+02
  11.530  0.1100E+01  0.1034E+02
  11.540  0.1077E+01  0.1035E+02
  11.550  0.1054E+01  0.1036E+02
  11.560  0.1031E+01  0.1037E+02
  11.570  0.1009E+01  0.1038E+02
  11.580  0.9876E+00  0.1039E+02
  11.590  0.9670E+00  0.1040E+02
  11.600  0.9472E+00  0.1041E+02
  11.610  0.9281E+00  0.1042E+02
  11.620  0.9096E+00  0.1043E+02
  11.630  0.8916E+00  0.1044E+02
  11.640  0.8739E+00  0.1045E+02
  11.650  0.8564E+00  0.1046E+02
  11.660  0.8391E+00  0.1047E+02
  11.670  0.8219E+00  0.1048E+02
  11.680  0.8050E+00  0.1048E+02
  11.690  0.7884E+00  0.1049E+02
  11.700  0.7723E+00  0.1050E+02
  11.710  0.7570E+00  0.1051E+02
  11.720  0.7428E+00  0.1051E+02
  11.730  0.7298E+00  0.1052E+02
  11.740  0.7184E+00  0.1053E+02
  11.750  0.7089E+00  0.1054E+02
  11.760  0.7015E+00  0.1054E+02
  11.770  0.6964E+00  0.1055E+02
  11.780  0.6939E+00  0.1056E+02
  11.790  0.6941E+00  0.1056E+02
  11.800  0.6971E+00  0.1057E+02
  11.810  0.7028E+00  0.1058E+02
  11.820  0.7113E+00  0.1058E+02
  11.830  0.7225E+00  0.1059E+02
  11.840  0.7363E+00  0.1060E+02
  11.850  0.7525E+00  0.1061E+02
  11.860  0.7710E+00  0.1061E+02
  11.870  0.7915E+00  0.1062E+02
  11.880  0.8139E+00  0.1063E+02
  11.890  0.8379E+00  0.1064E+02
  11.900  0.8632E+00  0.1065E+02
  11.910  0.8896E+00  0.1066E+02
  11.920  0.9169E+00  0.1067E+02
  11.930  0.9448E+00  0.1067E+02
  11.940  0.9732E+00  0.1068E+02
  11.950  0.1002E+01  0.1069E+02
  11.960  0.1031E+01  0.1070E+02
  11.970  0.1060E+01  0.1072E+02
  11.980  0.1089E+01  0.1073E+02
  11.990  0.1117E+01  0.1074E+02
  12.000  0.1146E+01  0.1075E+02
  12.010  0.1175E+01  0.1076E+02
  12.020  0.1204E+01  0.1077E+02
  12.030  0.1233E+01  0.1079E+02
  12.040  0.1262E+01  0.1080E+02
  12.050  0.1291E+01  0.1081E+02
  12.060  0.1320E+01  0.1082E+02
  12.070  0.1349E+01  0.1084E+02
  12.080  0.1379E+01  0.1085E+02
  12.090  0.1408E+01  0.1087E+02
  12.100  0.1438E+01  0.1088E+02
  12.110  0.1467E+01  0.1089E+02
  12.120  0.1496E+01  0.1091E+02
  12.130  0.1524E+01  0.1092E+02
  12.140  0.1552E+01  0.1094E+02
  12.150  0.1579E+01  0.1096E+02
  12.160  0.1605E+01  0.1097E+02
  12.170  0.1629E+01  0.1099E+02
  12.180  0.1653E+01  0.1100E+02
  12.190  0.1675E+01  0.1102E+02
  12.200  0.1695E+01  0.1104E+02
  12.210  0.1714E+01  0.1106E+02
  12.220  0.1731E+01  0.1107E+02
  12.230  0.1747E+01  0.1109E+02
  12.240  0.1761E+01  0.1111E+02
  12.250  0.1772E+01  0.1113E+02
  12.260  0.1782E+01  0.1114E+02
  12.270  0.1789E+01  0.1116E+02
  12.280  0.1794E+01  0.1118E+02
  12.290  0.1795E+01  0.1120E+02
  12.300  0.1794E+01  0.1122E+02
  12.310  0.1790E+01  0.1123E+02
  12.320  0.1783E+01  0.1125E+02
  12.330  0.1772E+01  0.1127E+02
  12.340  0.1758E+01  0.1129E+02
  12.350  0.1740E+01  0.1130E+02
  12.360  0.1720E+01  0.1132E+02
  12.370  0.1697E+01  0.1134E+02
  12.380  0.1671E+01  0.1135E+02
  12.390  0.1644E+01  0.1137E+02
  12.400  0.1615E+01  0.1139E+02
  12.410  0.1585E+01  0.1140E+02
  12.420  0.1555E+01  0.1142E+02
  12.430  0.1525E+01  0.1143E+02
  12.440  0.1495E+01  0.1145E+02
  12.450  0.1467E+01  0.1146E+02
  12.460  0.1439E+01  0.1148E+02
  12.470  0.1413E+01  0.1149E+02
  12.480  0.1389E+01  0.1151E+02
  12.490  0.1367E+01  0.1152E+02
  12.500  0.1347E+01  0.1153E+02
  12.510  0.1330E+01  0.1155E+02
  12.520  0.1314E+01  0.1156E+02
  12.530  0.1300E+01  0.1157E+02
  12.540  0.1287E+01  0.1159E+02
  12.550  0.1277E+01  0.1160E+02
  12.560  0.1267E+01  0.1161E+02
  12.570  0.1260E+01  0.1162E+02
  12.580  0.1253E+01  0.1164E+02
  12.590  0.1247E+01  0.1165E+02
  12.600  0.1243E+01  0.1166E+02
  12.610  0.1239E+01  0.1167E+02
  12.620  0.1236E+01  0.1169E+02
  12.630  0.1234E+01  0.1170E+02
  12.640  0.1233E+01  0.1171E+02
  12.650  0.1233E+01  0.1172E+02
  12.660  0.1235E+01  0.1173E+02
  12.670  0.1237E+01  0.1175E+02
  12.680  0.1241E+01  0.1176E+02
  12.690  0.1246E+01  0.1177E+02
  12.700  0.1253E+01  0.1178E+02
  12.710  0.1261E+01  0.1180E+02
  12.720  0.1271E+01  0.1181E+02
  12.730  0.1283E+01  0.1182E+02
  12.740  0.1296E+01  0.1184E+02
  12.750  0.1310E+01  0.1185E+02
  12.760  0.1326E+01  0.1186E+02
  12.770  0.1342E+01  0.1188E+02
  12.780  0.1359E+01  0.1189E+02
  12.790  0.1375E+01  0.1190E+02
  12.800  0.1392E+01  0.1192E+02
  12.810  0.1407E+01  0.1193E+02
  12.820  0.1421E+01  0.1194E+02
  12.830  0.1432E+01  0.1196E+02
  12.840  0.1441E+01  0.1197E+02
  12.850  0.1447E+01  0.1199E+02
  12.860  0.1450E+01  0.1200E+02
  12.870  0.1449E+01  0.1202E+02
  12.880  0.1445E+01  0.1203E+02
  12.890  0.1437E+01  0.1205E+02
  12.900  0.1424E+01  0.1206E+02
  12.910  0.1408E+01  0.1207E+02
  12.920  0.1389E+01  0.1209E+02
  12.930  0.1367E+01  0.1210E+02
  12.940  0.1342E+01  0.1212E+02
  12.950  0.1315E+01  0.1213E+02
  12.960  0.1286E+01  0.1214E+02
  12.970  0.1256E+01  0.1215E+02
  12.980  0.1226E+01  0.1217E+02
  12.990  0.1195E+01  0.1218E+02
  13.000  0.1166E+01  0.1219E+02
  13.010  0.1137E+01  0.1220E+02
  13.020  0.1110E+01  0.1221E+02
  13.030  0.1085E+01  0.1222E+02
  13.040  0.1062E+01  0.1223E+02
  13.050  0.1041E+01  0.1224E+02
  13.060  0.1022E+01  0.1225E+02
  13.070  0.1005E+01  0.1226E+02
  13.080  0.9911E+00  0.1227E+02
  13.090  0.9788E+00  0.1228E+02
  13.100  0.9684E+00  0.1229E+02
  13.110  0.9596E+00  0.1230E+02
  13.120  0.9522E+00  0.1231E+02
  13.130  0.9460E+00  0.1232E+02
  13.140  0.9409E+00  0.1233E+02
  13.150  0.9367E+00  0.1234E+02
  13.160  0.9333E+00  0.1235E+02
  13.170  0.9308E+00  0.1236E+02
  13.180  0.9291E+00  0.1237E+02
  13.190  0.9284E+00  0.1238E+02
  13.200  0.9289E+00  0.1239E+02
  13.210  0.9308E+00  0.1240E+02
  13.220  0.9344E+00  0.1241E+02
  13.230  0.9400E+00  0.1242E+02
  13.240  0.9479E+00  0.1243E+02
  13.250  0.9583E+00  0.1243E+02
  13.260  0.9714E+00  0.1244E+02
  13.270  0.9876E+00  0.1245E+02
  13.280  0.1007E+01  0.1246E+02
  13.290  0.1029E+01  0.1247E+02
  13.300  0.1054E+01  0.1249E+02
  13.310  0.1082E+01  0.1250E+02
  13.320  0.1113E+01  0.1251E+02
  13.330  0.1146E+01  0.1252E+02
  13.340  0.1181E+01  0.1253E+02
  13.350  0.1217E+01  0.1254E+02
  13.360  0.1253E+01  0.1256E+02
  13.370  0.1291E+01  0.1257E+02
  13.380  0.1328E+01  0.1258E+02
  13.390  0.1364E+01  0.1259E+02
  13.400  0.1399E+01  0.1261E+02
  13.410  0.1432E+01  0.1262E+02
  13.420  0.1464E+01  0.1264E+02
  13.430  0.1493E+01  0.1265E+02
  13.440  0.1520E+01  0.1267E+02
  13.450  0.1544E+01  0.1268E+02
  13.460  0.1566E+01  0.1270E+02
  13.470  0.1586E+01  0.1271E+02
  13.480  0.1604E+01  0.1273E+02
  13.490  0.1619E+01  0.1275E+02
  13.500  0.1633E+01  0.1276E+02
  13.510  0.1646E+01  0.1278E+02
  13.520  0.1658E+01  0.1280E+02
  13.530  0.1669E+01  0.1281E+02
  13.540  0.1680E+01  0.1283E+02
  13.550  0.1691E+01  0.1285E+02
  13.560  0.1702E+01  0.1286E+02
  13.570  0.1713E+01  0.1288E+02
  13.580  0.1724E+01  0.1290E+02
  13.590  0.1735E+01  0.1292E+02
  13.600  0.1747E+01  0.1293E+02
  13.610  0.1758E+01  0.1295E+02
  13.620  0.1769E+01  0.1297E+02
  13.630  0.1779E+01  0.1299E+02
  13.640  0.1788E+01  0.1300E+02
  13.650  0.1796E+01  0.1302E+02
  13.660  0.1801E+01  0.1304E+02
  13.670  0.1804E+01  0.1306E+02
  13.680  0.1805E+01  0.1308E+02
  13.690  0.1802E+01  0.1309E+02
  13.700  0.1796E+01  0.1311E+02
  13.710  0.1787E+01  0.1313E+02
  13.720  0.1774E+01  0.1315E+02
  13.730  0.1758E+01  0.1317E+02
  13.740  0.1738E+01  0.1318E+02
  13.750  0.1715E+01  0.1320E+02
  13.760  0.1689E+01  0.1322E+02
  13.770  0.1661E+01  0.1323E+02
  13.780  0.1631E+01  0.1325E+02
  13.790  0.1599E+01  0.1327E+02
  13.800  0.1565E+01  0.1328E+02
  13.810  0.1532E+01  0.1330E+02
  13.820  0.1498E+01  0.1331E+02
  13.830  0.1464E+01  0.1333E+02
  13.840  0.1431E+01  0.1334E+02
  13.850  0.1400E+01  0.1335E+02
  13.860  0.1370E+01  0.1337E+02
  13.870  0.1342E+01  0.1338E+02
  13.880  0.1316E+01  0.1339E+02
  13.890  0.1294E+01  0.1341E+02
  13.900  0.1273E+01  0.1342E+02
  13.910  0.1256E+01  0.1343E+02
  13.920  0.1241E+01  0.1345E+02
  13.930  0.1229E+01  0.1346E+02
  13.940  0.1220E+01  0.1347E+02
  13.950  0.1213E+01  0.1348E+02
  13.960  0.1208E+01  0.1349E+02
  13.970  0.1205E+01  0.1351E+02
  13.980  0.1204E+01  0.1352E+02
  13.990  0.1204E+01  0.1353E+02
  14.000  0.1205E+01  0.1354E+02
  14.010  0.1206E+01  0.1355E+02
  14.020  0.1208E+01  0.1357E+02
  14.030  0.1210E+01  0.1358E+02
  14.040  0.1212E+01  0.1359E+02
  14.050  0.1214E+01  0.1360E+02
  14.060  0.1216E+01  0.1362E+02
  14.070  0.1217E+01  0.1363E+02
  14.080  0.1218E+01  0.1364E+02
  14.090  0.1219E+01  0.1365E+02
  14.100  0.1220E+01  0.1366E+02
  14.110  0.1221E+01  0.1368E+02
  14.120  0.1222E+01  0.1369E+02
  14.130  0.1224E+01  0.1370E+02
  14.140  0.1227E+01  0.1371E+02
  14.150  0.1230E+01  0.1372E+02
  14.160  0.1235E+01  0.1374E+02
  14.170  0.1240E+01  0.1375E+02
  14.180  0.1247E+01  0.1376E+02
  14.190  0.1255E+01  0.1377E+02
  14.200  0.1263E+01  0.1379E+02
  14.210  0.1273E+01  0.1380E+02
  14.220  0.1284E+01  0.1381E+02
  14.230  0.1295E+01  0.1383E+02
  14.240  0.1307E+01  0.1384E+02
  14.250  0.1319E+01  0.1385E+02
  14.260  0.1330E+01  0.1387E+02
  14.270  0.1341E+01  0.1388E+02
  14.280  0.1350E+01  0.1389E+02
  14.290  0.1357E+01  0.1391E+02
  14.300  0.1363E+01  0.1392E+02
  14.310  0.1366E+01  0.1393E+02
  14.320  0.1365E+01  0.1395E+02
  14.330  0.1361E+01  0.1396E+02
  14.340  0.1354E+01  0.1397E+02
  14.350  0.1342E+01  0.1399E+02
  14.360  0.1327E+01  0.1400E+02
  14.370  0.1307E+01  0.1401E+02
  14.380  0.1284E+01  0.1403E+02
  14.390  0.1256E+01  0.1404E+02
  14.400  0.1226E+01  0.1405E+02
  14.410  0.1192E+01  0.1406E+02
  14.420  0.1157E+01  0.1407E+02
  14.430  0.1120E+01  0.1409E+02
  14.440  0.1082E+01  0.1410E+02
  14.450  0.1044E+01  0.1411E+02
  14.460  0.1007E+01  0.1412E+02
  14.470  0.9721E+00  0.1413E+02
  14.480  0.9390E+00  0.1414E+02
  14.490  0.9088E+00  0.1415E+02
  14.500  0.8819E+00  0.1415E+02
  14.510  0.8586E+00  0.1416E+02
  14.520  0.8393E+00  0.1417E+02
  14.530  0.8239E+00  0.1418E+02
  14.540  0.8125E+00  0.1419E+02
  14.550  0.8050E+00  0.1420E+02
  14.560  0.8012E+00  0.1420E+02
  14.570  0.8010E+00  0.1421E+02
  14.580  0.8039E+00  0.1422E+02
  14.590  0.8098E+00  0.1423E+02
  14.600  0.8184E+00  0.1424E+02
  14.610  0.8293E+00  0.1424E+02
  14.620  0.8422E+00  0.1425E+02
  14.630  0.8570E+00  0.1426E+02
  14.640  0.8733E+00  0.1427E+02
  14.650  0.8910E+00  0.1428E+02
  14.660  0.9098E+00  0.1429E+02
  14.670  0.9295E+00  0.1430E+02
  14.680  0.9499E+00  0.1431E+02
  14.690  0.9708E+00  0.1432E+02
  14.700  0.9920E+00  0.1433E+02
  14.710  0.1013E+01  0.1434E+02
  14.720  0.1034E+01  0.1435E+02
  14.730  0.1055E+01  0.1436E+02
  14.740  0.1074E+01  0.1437E+02
  14.750  0.1093E+01  0.1438E+02
  14.760  0.1111E+01  0.1439E+02
  14.770  0.1128E+01  0.1440E+02
  14.780  0.1143E+01  0.1441E+02
  14.790  0.1156E+01  0.1442E+02
  14.800  0.1168E+01  0.1444E+02
  14.810  0.1178E+01  0.1445E+02
  14.820  0.1186E+01  0.1446E+02
  14.830  0.1193E+01  0.1447E+02
  14.840  0.1197E+01  0.1448E+02
  14.850  0.1201E+01  0.1450E+02
  14.860  0.1203E+01  0.1451E+02
  14.870  0.1203E+01  0.1452E+02
  14.880  0.1203E+01  0.1453E+02
  14.890  0.1201E+01  0.1454E+02
  14.900  0.1198E+01  0.1456E+02
  14.910  0.1194E+01  0.1457E+02
  14.920  0.1189E+01  0.1458E+02
  14.930  0.1183E+01  0.1459E+02
  14.940  0.1176E+01  0.1460E+02
  14.950  0.1168E+01  0.1462E+02
  14.960  0.1159E+01  0.1463E+02
  14.970  0.1149E+01  0.1464E+02
  14.980  0.1138E+01  0.1465E+02
  14.990  0.1126E+01  0.1466E+02
  15.000  0.1113E+01  0.1467E+02
  15.010  0.1100E+01  0.1468E+02
  15.020  0.1086E+01  0.1469E+02
  15.030  0.1071E+01  0.1470E+02
  15.040  0.1057E+01  0.1472E+02
  15.050  0.1042E+01  0.1473E+02
  15.060  0.1028E+01  0.1474E+02
  15.070  0.1014E+01  0.1475E+02
  15.080  0.1001E+01  0.1476E+02
  15.090  0.9883E+00  0.1477E+02
  15.100  0.9770E+00  0.1478E+02
  15.110  0.9669E+00  0.1479E+02
  15.120  0.9580E+00  0.1479E+02
  15.130  0.9504E+00  0.1480E+02
  15.140  0.9442E+00  0.1481E+02
  15.150  0.9393E+00  0.1482E+02
  15.160  0.9356E+00  0.1483E+02
  15.170  0.9331E+00  0.1484E+02
  15.180  0.9316E+00  0.1485E+02
  15.190  0.9311E+00  0.1486E+02
  15.200  0.9315E+00  0.1487E+02
  15.210  0.9327E+00  0.1488E+02
  15.220  0.9344E+00  0.1489E+02
  15.230  0.9368E+00  0.1490E+02
  15.240  0.9395E+00  0.1491E+02
  15.250  0.9426E+00  0.1492E+02
  15.260  0.9459E+00  0.1493E+02
  15.270  0.9494E+00  0.1494E+02
  15.280  0.9530E+00  0.1495E+02
  15.290  0.9566E+00  0.1495E+02
  15.300  0.9601E+00  0.1496E+02
  15.310  0.9636E+00  0.1497E+02
  15.320  0.9669E+00  0.1498E+02
  15.330  0.9701E+00  0.1499E+02
  15.340  0.9732E+00  0.1500E+02
  15.350  0.9761E+00  0.1501E+02
  15.360  0.9788E+00  0.1502E+02
  15.370  0.9814E+00  0.1503E+02
  15.380  0.9839E+00  0.1504E+02
  15.390  0.9863E+00  0.1505E+02
  15.400  0.9885E+00  0.1506E+02
  15.410  0.9906E+00  0.1507E+02
  15.420  0.9925E+00  0.1508E+02
  15.430  0.9940E+00  0.1509E+02
  15.440  0.9952E+00  0.1510E+02
  15.450  0.9958E+00  0.1511E+02
  15.460  0.9958E+00  0.1512E+02
  15.470  0.9948E+00  0.1513E+02
  15.480  0.9928E+00  0.1514E+02
  15.490  0.9895E+00  0.1515E+02
  15.500  0.9849E+00  0.1516E+02
  15.510  0.9787E+00  0.1517E+02
  15.520  0.9711E+00  0.1518E+02
  15.530  0.9618E+00  0.1519E+02
  15.540  0.9510E+00  0.1520E+02
  15.550  0.9388E+00  0.1521E+02
  15.560  0.9253E+00  0.1522E+02
  15.570  0.9108E+00  0.1523E+02
  15.580  0.8955E+00  0.1524E+02
  15.590  0.8797E+00  0.1525E+02
  15.600  0.8637E+00  0.1525E+02
  15.610  0.8478E+00  0.1526E+02
  15.620  0.8323E+00  0.1527E+02
  15.630  0.8175E+00  0.1528E+02
  15.640  0.8035E+00  0.1529E+02
  15.650  0.7905E+00  0.1529E+02
  15.660  0.7787E+00  0.1530E+02
  15.670  0.7681E+00  0.1531E+02
  15.680  0.7587E+00  0.1532E+02
  15.690  0.7505E+00  0.1533E+02
  15.700  0.7433E+00  0.1533E+02
  15.710  0.7370E+00  0.1534E+02
  15.720  0.7314E+00  0.1535E+02
  15.730  0.7264E+00  0.1535E+02
  15.740  0.7218E+00  0.1536E+02
  15.750  0.7173E+00  0.1537E+02
  15.760  0.7128E+00  0.1538E+02
  15.770  0.7081E+00  0.1538E+02
  15.780  0.7032E+00  0.1539E+02
  15.790  0.6979E+00  0.1540E+02
  15.800  0.6922E+00  0.1540E+02
  15.810  0.6860E+00  0.1541E+02
  15.820  0.6794E+00  0.1542E+02
  15.830  0.6724E+00  0.1542E+02
  15.840  0.6650E+00  0.1543E+02
  15.850  0.6575E+00  0.1544E+02
  15.860  0.6500E+00  0.1544E+02
  15.870  0.6426E+00  0.1545E+02
  15.880  0.6355E+00  0.1546E+02
  15.890  0.6289E+00  0.1546E+02
  15.900  0.6229E+00  0.1547E+02
  15.910  0.6179E+00  0.1548E+02
  15.920  0.6140E+00  0.1548E+02
  15.930  0.6113E+00  0.1549E+02
  15.940  0.6101E+00  0.1549E+02
  15.950  0.6104E+00  0.1550E+02
  15.960  0.6123E+00  0.1551E+02
  15.970  0.6159E+00  0.1551E+02
  15.980  0.6212E+00  0.1552E+02
  15.990  0.6281E+00  0.1553E+02
  16.000  0.6365E+00  0.1553E+02
  16.010  0.6463E+00  0.1554E+02
  16.020  0.6572E+00  0.1554E+02
  16.030  0.6690E+00  0.1555E+02
  16.040  0.6813E+00  0.1556E+02
  16.050  0.6939E+00  0.1557E+02
  16.060  0.7064E+00  0.1557E+02
  16.070  0.7185E+00  0.1558E+02
  16.080  0.7298E+00  0.1559E+02
  16.090  0.7400E+00  0.1559E+02
  16.100  0.7487E+00  0.1560E+02
  16.110  0.7558E+00  0.1561E+02
  16.120  0.7609E+00  0.1562E+02
  16.130  0.7640E+00  0.1562E+02
  16.140  0.7648E+00  0.1563E+02
  16.150  0.7633E+00  0.1564E+02
  16.160  0.7594E+00  0.1565E+02
  16.170  0.7533E+00  0.1565E+02
  16.180  0.7448E+00  0.1566E+02
  16.190  0.7341E+00  0.1567E+02
  16.200  0.7214E+00  0.1568E+02
  16.210  0.7068E+00  0.1568E+02
  16.220  0.6906E+00  0.1569E+02
  16.230  0.6728E+00  0.1570E+02
  16.240  0.6538E+00  0.1570E+02
  16.250  0.6338E+00  0.1571E+02
  16.260  0.6130E+00  0.1572E+02
  16.270  0.5917E+00  0.1572E+02
  16.280  0.5700E+00  0.1573E+02
  16.290  0.5482E+00  0.1573E+02
  16.300  0.5266E+00  0.1574E+02
  16.310  0.5052E+00  0.1574E+02
  16.320  0.4842E+00  0.1575E+02
  16.330  0.4639E+00  0.1575E+02
  16.340  0.4442E+00  0.1576E+02
  16.350  0.4254E+00  0.1576E+02
  16.360  0.4074E+00  0.1577E+02
  16.370  0.3903E+00  0.1577E+02
  16.380  0.3741E+00  0.1577E+02
  16.390  0.3589E+00  0.1578E+02
  16.400  0.3446E+00  0.1578E+02
  16.410  0.3312E+00  0.1578E+02
  16.420  0.3186E+00  0.1579E+02
  16.430  0.3069E+00  0.1579E+02
  16.440  0.2959E+00  0.1579E+02
  16.450  0.2856E+00  0.1580E+02
  16.460  0.2759E+00  0.1580E+02
  16.470  0.2667E+00  0.1580E+02
  16.480  0.2581E+00  0.1580E+02
  16.490  0.2499E+00  0.1581E+02
  16.500  0.2421E+00  0.1581E+02
  16.510  0.2346E+00  0.1581E+02
  16.520  0.2274E+00  0.1581E+02
  16.530  0.2206E+00  0.1582E+02
  16.540  0.2141E+00  0.1582E+02
  16.550  0.2079E+00  0.1582E+02
  16.560  0.2020E+00  0.1582E+02
  16.570  0.1965E+00  0.1582E+02
  16.580  0.1915E+00  0.1583E+02
  16.590  0.1869E+00  0.1583E+02
  16.600  0.1828E+00  0.1583E+02
  16.610  0.1793E+00  0.1583E+02
  16.620  0.1765E+00  0.1583E+02
  16.630  0.1745E+00  0.1584E+02
  16.640  0.1732E+00  0.1584E+02
  16.650  0.1727E+00  0.1584E+02
  16.660  0.1732E+00  0.1584E+02
  16.670  0.1746E+00  0.1584E+02
  16.680  0.1768E+00  0.1584E+02
  16.690  0.1800E+00  0.1585E+02
  16.700  0.1841E+00  0.1585E+02
  16.710  0.1890E+00  0.1585E+02
  16.720  0.1946E+00  0.1585E+02
  16.730  0.2008E+00  0.1585E+02
  16.740  0.2075E+00  0.1586E+02
  16.750  0.2146E+00  0.1586E+02
  16.760  0.2217E+00  0.1586E+02
  16.770  0.2288E+00  0.1586E+02
  16.780  0.2357E+00  0.1586E+02
  16.790  0.2422E+00  0.1587E+02
  16.800  0.2480E+00  0.1587E+02
  16.810  0.2530E+00  0.1587E+02
  16.820  0.2571E+00  0.1587E+02
  16.830  0.2602E+00  0.1588E+02
  16.840  0.2622E+00  0.1588E+02
  16.850  0.2631E+00  0.1588E+02
  16.860  0.2628E+00  0.1588E+02
  16.870  0.2614E+00  0.1589E+02
  16.880  0.2590E+00  0.1589E+02
  16.890  0.2557E+00  0.1589E+02
  16.900  0.2517E+00  0.1590E+02
  16.910  0.2471E+00  0.1590E+02
  16.920  0.2420E+00  0.1590E+02
  16.930  0.2366E+00  0.1590E+02
  16.940  0.2311E+00  0.1590E+02
  16.950  0.2257E+00  0.1591E+02
  16.960  0.2203E+00  0.1591E+02
  16.970  0.2151E+00  0.1591E+02
  16.980  0.2102E+00  0.1591E+02
  16.990  0.2055E+00  0.1592E+02
  17.000  0.2012E+00  0.1592E+02
  17.010  0.1971E+00  0.1592E+02
  17.020  0.1933E+00  0.1592E+02
  17.030  0.1897E+00  0.1592E+02
  17.040  0.1862E+00  0.1593E+02
  17.050  0.1828E+00  0.1593E+02
  17.060  0.1794E+00  0.1593E+02
  17.070  0.1761E+00  0.1593E+02
  17.080  0.1726E+00  0.1593E+02
  17.090  0.1691E+00  0.1593E+02
  17.100  0.1655E+00  0.1594E+02
  17.110  0.1618E+00  0.1594E+02
  17.120  0.1580E+00  0.1594E+02
  17.130  0.1541E+00  0.1594E+02
  17.140  0.1502E+00  0.1594E+02
  17.150  0.1463E+00  0.1594E+02
  17.160  0.1424E+00  0.1594E+02
  17.170  0.1385E+00  0.1595E+02
  17.180  0.1347E+00  0.1595E+02
  17.190  0.1309E+00  0.1595E+02
  17.200  0.1273E+00  0.1595E+02
  17.210  0.1238E+00  0.1595E+02
  17.220  0.1203E+00  0.1595E+02
  17.230  0.1170E+00  0.1595E+02
  17.240  0.1137E+00  0.1595E+02
  17.250  0.1105E+00  0.1596E+02
  17.260  0.1073E+00  0.1596E+02
  17.270  0.1042E+00  0.1596E+02
  17.280  0.1011E+00  0.1596E+02
  17.290  0.9804E-01  0.1596E+02
  17.300  0.9500E-01  0.1596E+02
  17.310  0.9201E-01  0.1596E+02
  17.320  0.8910E-01  0.1596E+02
  17.330  0.8630E-01  0.1596E+02
  17.340  0.8366E-01  0.1596E+02
  17.350  0.8123E-01  0.1597E+02
  17.360  0.7905E-01  0.1597E+02
  17.370  0.7719E-01  0.1597E+02
  17.380  0.7568E-01  0.1597E+02
  17.390  0.7458E-01  0.1597E+02
  17.400  0.7390E-01  0.1597E+02
  17.410  0.7368E-01  0.1597E+02
  17.420  0.7391E-01  0.1597E+02
  17.430  0.7459E-01  0.1597E+02
  17.440  0.7569E-01  0.1597E+02
  17.450  0.7717E-01  0.1597E+02
  17.460  0.7897E-01  0.1597E+02
  17.470  0.8102E-01  0.1597E+02
  17.480  0.8325E-01  0.1598E+02
  17.490  0.8558E-01  0.1598E+02
  17.500  0.8790E-01  0.1598E+02
  17.510  0.9014E-01  0.1598E+02
  17.520  0.9220E-01  0.1598E+02
  17.530  0.9401E-01  0.1598E+02
  17.540  0.9549E-01  0.1598E+02
  17.550  0.9657E-01  0.1598E+02
  17.560  0.9720E-01  0.1598E+02
  17.570  0.9735E-01  0.1598E+02
  17.580  0.9698E-01  0.1598E+02
  17.590  0.9609E-01  0.1599E+02
  17.600  0.9466E-01  0.1599E+02
  17.610  0.9273E-01  0.1599E+02
  17.620  0.9030E-01  0.1599E+02
  17.630  0.8743E-01  0.1599E+02
  17.640  0.8415E-01  0.1599E+02
  17.650  0.8051E-01  0.1599E+02
  17.660  0.7658E-01  0.1599E+02
  17.670  0.7241E-01  0.1599E+02
  17.680  0.6807E-01  0.1599E+02
  17.690  0.6362E-01  0.1599E+02
  17.700  0.5913E-01  0.1599E+02
  17.710  0.5466E-01  0.1599E+02
  17.720  0.5026E-01  0.1600E+02
  17.730  0.4598E-01  0.1600E+02
  17.740  0.4187E-01  0.1600E+02
  17.750  0.3797E-01  0.1600E+02
  17.760  0.3431E-01  0.1600E+02
  17.770  0.3091E-01  0.1600E+02
  17.780  0.2778E-01  0.1600E+02
  17.790  0.2493E-01  0.1600E+02
  17.800  0.2237E-01  0.1600E+02
  17.810  0.2009E-01  0.1600E+02
  17.820  0.1806E-01  0.1600E+02
  17.830  0.1629E-01  0.1600E+02
  17.840  0.1473E-01  0.1600E+02
  17.850  0.1338E-01  0.1600E+02
  17.860  0.1220E-01  0.1600E+02
  17.870  0.1116E-01  0.1600E+02
  17.880  0.1025E-01  0.1600E+02
  17.890  0.9443E-02  0.1600E+02
  17.900  0.8710E-02  0.1600E+02
  17.910  0.8038E-02  0.1600E+02
  17.920  0.7411E-02  0.1600E+02
  17.930  0.6819E-02  0.1600E+02
  17.940  0.6253E-02  0.1600E+02
  17.950  0.5709E-02  0.1600E+02
  17.960  0.5183E-02  0.1600E+02
  17.970  0.4676E-02  0.1600E+02
  17.980  0.4188E-02  0.1600E+02
  17.990  0.3722E-02  0.1600E+02
  18.000  0.3280E-02  0.1600E+02
  18.010  0.2866E-02  0.1600E+02
  18.020  0.2481E-02  0.1600E+02
  18.030  0.2127E-02  0.1600E+02
  18.040  0.1806E-02  0.1600E+02
  18.050  0.1518E-02  0.1600E+02
  18.060  0.1263E-02  0.1600E+02
  18.070  0.1041E-02  0.1600E+02
  18.080  0.8484E-03  0.1600E+02
  18.090  0.6844E-03  0.1600E+02
  18.100  0.5464E-03  0.1600E+02
  18.110  0.4316E-03  0.1600E+02
  18.120  0.3373E-03  0.1600E+02
  18.130  0.2609E-03  0.1600E+02
  18.140  0.1996E-03  0.1600E+02
  18.150  0.1511E-03  0.1600E+02
  18.160  0.1131E-03  0.1600E+02
  18.170  0.8381E-04  0.1600E+02
  18.180  0.6142E-04  0.1600E+02
  18.190  0.4454E-04  0.1600E+02
  18.200  0.3195E-04  0.1600E+02
  18.210  0.2267E-04  0.1600E+02
  18.220  0.1591E-04  0.1600E+02
  18.230  0.1105E-04  0.1600E+02
  18.240  0.7593E-05  0.1600E+02
  18.250  0.5161E-05  0.1600E+02
  18.260  0.3470E-05  0.1600E+02
  18.270  0.2308E-05  0.1600E+02
  18.280  0.1518E-05  0.1600E+02
  18.290  0.9884E-06  0.1600E+02
  18.300  0.6365E-06  0.1600E+02
  18.310  0.4054E-06  0.1600E+02
  18.320  0.2555E-06  0.1600E+02
  18.330  0.1593E-06  0.1600E+02
  18.340  0.9822E-07  0.1600E+02
  18.350  0.5992E-07  0.1600E+02
  18.360  0.3616E-07  0.1600E+02
  18.370  0.2159E-07  0.1600E+02
  18.380  0.1275E-07  0.1600E+02
  18.390  0.7450E-08  0.1600E+02
  18.400  0.4306E-08  0.1600E+02
  18.410  0.2462E-08  0.1600E+02
  18.420  0.1393E-08  0.1600E+02
  18.430  0.7793E-09  0.1600E+02
  18.440  0.4314E-09  0.1600E+02
  18.450  0.2362E-09  0.1600E+02
  18.460  0.1280E-09  0.1600E+02
  18.470  0.6857E-10  0.1600E+02
  18.480  0.3635E-10  0.1600E+02
  18.490  0.1906E-10  0.1600E+02
  18.500  0.9891E-11  0.1600E+02
  18.510  0.5076E-11  0.1600E+02
  18.520  0.2577E-11  0.1600E+02
  18.530  0.1294E-11  0.1600E+02
  18.540  0.6431E-12  0.1600E+02
  18.550  0.3161E-12  0.1600E+02
  18.560  0.1537E-12  0.1600E+02
  18.570  0.7393E-13  0.1600E+02
  18.580  0.3518E-13  0.1600E+02
  18.590  0.1656E-13  0.1600E+02
  18.600  0.7712E-14  0.1600E+02
  18.610  0.3552E-14  0.1600E+02
  18.620  0.1619E-14  0.1600E+02
  18.630  0.7298E-15  0.1600E+02
  18.640  0.3255E-15  0.1600E+02
  18.650  0.1436E-15  0.1600E+02
  18.660  0.6267E-16  0.1600E+02
  18.670  0.2706E-16  0.1600E+02
  18.680  0.1156E-16  0.1600E+02
  18.690  0.4883E-17  0.1600E+02
  18.700  0.2041E-17  0.1600E+02
  18.710  0.8439E-18  0.1600E+02
  18.720  0.3452E-18  0.1600E+02
  18.730  0.1397E-18  0.1600E+02
  18.740  0.5592E-19  0.1600E+02
  18.750  0.2214E-19  0.1600E+02
  18.760  0.8674E-20  0.1600E+02
  18.770  0.3362E-20  0.1600E+02
  18.780  0.1289E-20  0.1600E+02
  18.790  0.4888E-21  0.1600E+02
  18.800  0.1834E-21  0.1600E+02
  18.810  0.6806E-22  0.1600E+02
  18.820  0.2499E-22  0.1600E+02
  18.830  0.9076E-23  0.1600E+02
  18.840  0.3261E-23  0.1600E+02
  18.850  0.1159E-23  0.1600E+02
  18.860  0.4076E-24  0.1600E+02
  18.870  0.1418E-24  0.1600E+02
  18.880  0.4878E-25  0.1600E+02
  18.890  0.1661E-25  0.1600E+02
  18.900  0.5592E-26  0.1600E+02
  18.910  0.1863E-26  0.1600E+02
  18.920  0.6140E-27  0.1600E+02
  18.930  0.2002E-27  0.1600E+02
  18.940  0.6455E-28  0.1600E+02
  18.950  0.2060E-28  0.1600E+02
  18.960  0.6500E-29  0.1600E+02
  18.970  0.2030E-29  0.1600E+02
  18.980  0.6269E-30  0.1600E+02
  18.990  0.1915E-30  0.1600E+02
  19.000  0.5790E-31  0.1600E+02
  19.010  0.1731E-31  0.1600E+02
  19.020  0.5121E-32  0.1600E+02
  19.030  0.1499E-32  0.1600E+02
  19.040  0.4338E-33  0.1600E+02
  19.050  0.1242E-33  0.1600E+02
  19.060  0.3519E-34  0.1600E+02
  19.070  0.9863E-35  0.1600E+02
  19.080  0.2734E-35  0.1600E+02
  19.090  0.7499E-36  0.1600E+02
  19.100  0.2035E-36  0.1600E+02
  19.110  0.5461E-37  0.1600E+02
  19.120  0.1450E-37  0.1600E+02
  19.130  0.3808E-38  0.1600E+02
  19.140  0.9896E-39  0.1600E+02
  19.150  0.2544E-39  0.1600E+02
  19.160  0.6468E-40  0.1600E+02
  19.170  0.1627E-40  0.1600E+02
  19.180  0.4049E-41  0.1600E+02
  19.190  0.9967E-42  0.1600E+02
  19.200  0.2427E-42  0.1600E+02
  19.210  0.5847E-43  0.1600E+02
  19.220  0.1394E-43  0.1600E+02
  19.230  0.3285E-44  0.1600E+02
  19.240  0.7663E-45  0.1600E+02
  19.250  0.1768E-45  0.1600E+02
  19.260  0.4035E-46  0.1600E+02
  19.270  0.9111E-47  0.1600E+02
  19.280  0.2035E-47  0.1600E+02
  19.290  0.4497E-48  0.1600E+02
  19.300  0.9829E-49  0.1600E+02
  19.310  0.2125E-49  0.1600E+02
  19.320  0.4547E-50  0.1600E+02
  19.330  0.9621E-51  0.1600E+02
  19.340  0.2014E-51  0.1600E+02
  19.350  0.4171E-52  0.1600E+02
  19.360  0.8545E-53  0.1600E+02
  19.370  0.1732E-53  0.1600E+02
  19.380  0.3472E-54  0.1600E+02
  19.390  0.6886E-55  0.1600E+02
  19.400  0.1351E-55  0.1600E+02
  19.410  0.2622E-56  0.1600E+02
  19.420  0.5035E-57  0.1600E+02
  19.430  0.9564E-58  0.1600E+02
  19.440  0.1797E-58  0.1600E+02
  19.450  0.3341E-59  0.1600E+02
  19.460  0.6143E-60  0.1600E+02
  19.470  0.1118E-60  0.1600E+02
  19.480  0.2011E-61  0.1600E+02
  19.490  0.3580E-62  0.1600E+02
  19.500  0.6305E-63  0.1600E+02
  19.510  0.1098E-63  0.1600E+02
  19.520  0.1893E-64  0.1600E+02
  19.530  0.3228E-65  0.1600E+02
  19.540  0.5444E-66  0.1600E+02
  19.550  0.9082E-67  0.1600E+02
  19.560  0.1499E-67  0.1600E+02
  19.570  0.2448E-68  0.1600E+02
  19.580  0.3954E-69  0.1600E+02
  19.590  0.6318E-70  0.1600E+02
  19.600  0.9987E-71  0.1600E+02
  19.610  0.1562E-71  0.1600E+02
  19.620  0.2416E-72  0.1600E+02
  19.630  0.3697E-73  0.1600E+02
  19.640  0.5597E-74  0.1600E+02
  19.650  0.8382E-75  0.1600E+02
  19.660  0.1242E-75  0.1600E+02
  19.670  0.1820E-76  0.1600E+02
  19.680  0.2639E-77  0.1600E+02
  19.690  0.3785E-78  0.1600E+02
  19.700  0.5370E-79  0.1600E+02
  19.710  0.7537E-80  0.1600E+02
  19.720  0.1047E-80  0.1600E+02
  19.730  0.1440E-81  0.1600E+02
  19.740  0.1974E-82  0.1600E+02
  19.750  0.2832E-83  0.1600E+02
  19.760  0.5558E-84  0.1600E+02
  19.770  0.2525E-84  0.1600E+02
  19.780  0.2126E-84  0.1600E+02
  19.790  0.2074E-84  0.1600E+02
  19.800  0.2067E-84  0.1600E+02
  19.810  0.2066E-84  0.1600E+02
  19.820  0.2066E-84  0.1600E+02
  19.830  0.2066E-84  0.1600E+02
  19.840  0.2066E-84  0.1600E+02
  19.850  0.2066E-84  0.1600E+02
  19.860  0.2066E-84  0.1600E+02
  19.870  0.2066E-84  0.1600E+02
  19.880  0.2066E-84  0.1600E+02
  19.890  0.2066E-84  0.1600E+02
  19.900  0.2066E-84  0.1600E+02
  19.910  0.2066E-84  0.1600E+02
  19.920  0.2066E-84  0.1600E+02
  19.930  0.2066E-84  0.1600E+02
  19.940  0.2066E-84  0.1600E+02
  19.950  0.2066E-84  0.1600E+02
  19.960  0.2066E-84  0.1600E+02
  19.970  0.2066E-84  0.1600E+02
  19.980  0.2066E-84  0.1600E+02
  19.990  0.2066E-84  0.1600E+02
  20.000  0.2066E-84  0.1600E+02
