# energy grid [eV]  eels components [arbitrary units]
#
    0.001000000    0.000000172    0.000000172    0.000000172
    0.051081803    0.000008776    0.000008776    0.000008776
    0.101163606    0.000017381    0.000017381    0.000017381
    0.151245409    0.000025989    0.000025989    0.000025989
    0.201327212    0.000034600    0.000034600    0.000034600
    0.251409015    0.000043215    0.000043215    0.000043215
    0.301490818    0.000051837    0.000051837    0.000051837
    0.351572621    0.000060466    0.000060466    0.000060466
    0.401654424    0.000069103    0.000069103    0.000069103
    0.451736227    0.000077750    0.000077750    0.000077750
    0.501818030    0.000086407    0.000086407    0.000086407
    0.551899833    0.000095076    0.000095076    0.000095076
    0.601981636    0.000103759    0.000103759    0.000103759
    0.652063439    0.000112456    0.000112456    0.000112456
    0.702145242    0.000121169    0.000121169    0.000121169
    0.752227045    0.000129898    0.000129898    0.000129898
    0.802308848    0.000138646    0.000138646    0.000138646
    0.852390651    0.000147414    0.000147414    0.000147414
    0.902472454    0.000156203    0.000156203    0.000156203
    0.952554257    0.000165014    0.000165014    0.000165014
    1.002636060    0.000173849    0.000173849    0.000173849
    1.052717863    0.000182709    0.000182709    0.000182709
    1.102799666    0.000191596    0.000191596    0.000191596
    1.152881469    0.000200511    0.000200511    0.000200511
    1.202963272    0.000209456    0.000209456    0.000209456
    1.253045075    0.000218432    0.000218432    0.000218432
    1.303126878    0.000227442    0.000227442    0.000227442
    1.353208681    0.000236485    0.000236485    0.000236485
    1.403290484    0.000245565    0.000245565    0.000245565
    1.453372287    0.000254683    0.000254683    0.000254683
    1.503454090    0.000263841    0.000263841    0.000263841
    1.553535893    0.000273041    0.000273041    0.000273041
    1.603617696    0.000282284    0.000282284    0.000282284
    1.653699499    0.000291573    0.000291573    0.000291573
    1.703781302    0.000300909    0.000300909    0.000300909
    1.753863105    0.000310295    0.000310295    0.000310295
    1.803944908    0.000319733    0.000319733    0.000319733
    1.854026711    0.000329226    0.000329226    0.000329226
    1.904108514    0.000338775    0.000338775    0.000338775
    1.954190317    0.000348382    0.000348382    0.000348382
    2.004272120    0.000358052    0.000358052    0.000358052
    2.054353923    0.000367785    0.000367785    0.000367785
    2.104435726    0.000377586    0.000377586    0.000377586
    2.154517529    0.000387456    0.000387456    0.000387456
    2.204599332    0.000397400    0.000397400    0.000397400
    2.254681135    0.000407419    0.000407419    0.000407419
    2.304762938    0.000417518    0.000417518    0.000417518
    2.354844741    0.000427699    0.000427699    0.000427699
    2.404926544    0.000437967    0.000437967    0.000437967
    2.455008347    0.000448325    0.000448325    0.000448325
    2.505090150    0.000458777    0.000458777    0.000458777
    2.555171953    0.000469327    0.000469327    0.000469327
    2.605253756    0.000479980    0.000479980    0.000479980
    2.655335559    0.000490741    0.000490741    0.000490741
    2.705417362    0.000501613    0.000501613    0.000501613
    2.755499165    0.000512604    0.000512604    0.000512604
    2.805580968    0.000523717    0.000523717    0.000523717
    2.855662771    0.000534960    0.000534960    0.000534960
    2.905744574    0.000546337    0.000546337    0.000546337
    2.955826377    0.000557856    0.000557856    0.000557856
    3.005908180    0.000569524    0.000569524    0.000569524
    3.055989983    0.000581348    0.000581348    0.000581348
    3.106071786    0.000593336    0.000593336    0.000593336
    3.156153589    0.000605497    0.000605497    0.000605497
    3.206235392    0.000617840    0.000617840    0.000617840
    3.256317195    0.000630374    0.000630374    0.000630374
    3.306398998    0.000643110    0.000643110    0.000643110
    3.356480801    0.000656059    0.000656059    0.000656059
    3.406562604    0.000669234    0.000669234    0.000669234
    3.456644407    0.000682647    0.000682647    0.000682647
    3.506726210    0.000696313    0.000696313    0.000696313
    3.556808013    0.000710247    0.000710247    0.000710247
    3.606889816    0.000724466    0.000724466    0.000724466
    3.656971619    0.000738988    0.000738988    0.000738988
    3.707053422    0.000753832    0.000753832    0.000753832
    3.757135225    0.000769021    0.000769021    0.000769021
    3.807217028    0.000784577    0.000784577    0.000784577
    3.857298831    0.000800528    0.000800528    0.000800528
    3.907380634    0.000816902    0.000816902    0.000816902
    3.957462437    0.000833729    0.000833729    0.000833729
    4.007544240    0.000851046    0.000851046    0.000851046
    4.057626043    0.000868892    0.000868892    0.000868892
    4.107707846    0.000887309    0.000887309    0.000887309
    4.157789649    0.000906346    0.000906346    0.000906346
    4.207871452    0.000926057    0.000926057    0.000926057
    4.257953255    0.000946505    0.000946505    0.000946505
    4.308035058    0.000967758    0.000967758    0.000967758
    4.358116861    0.000989896    0.000989896    0.000989896
    4.408198664    0.001013009    0.001013009    0.001013009
    4.458280467    0.001037200    0.001037200    0.001037200
    4.508362270    0.001062590    0.001062590    0.001062590
    4.558444073    0.001089317    0.001089317    0.001089317
    4.608525876    0.001117544    0.001117544    0.001117544
    4.658607679    0.001147464    0.001147464    0.001147464
    4.708689482    0.001179304    0.001179304    0.001179304
    4.758771285    0.001213338    0.001213339    0.001213338
    4.808853088    0.001249898    0.001249898    0.001249898
    4.858934891    0.001289388    0.001289388    0.001289388
    4.909016694    0.001332311    0.001332311    0.001332311
    4.959098497    0.001379300    0.001379300    0.001379300
    5.009180301    0.001431162    0.001431162    0.001431162
    5.059262104    0.001488951    0.001488951    0.001488951
    5.109343907    0.001554072    0.001554072    0.001554072
    5.159425710    0.001628447    0.001628447    0.001628447
    5.209507513    0.001714795    0.001714796    0.001714795
    5.259589316    0.001817120    0.001817120    0.001817120
    5.309671119    0.001941612    0.001941613    0.001941613
    5.359752922    0.002098469    0.002098469    0.002098469
    5.409834725    0.002305863    0.002305864    0.002305864
    5.459916528    0.002599540    0.002599542    0.002599541
    5.509998331    0.003058109    0.003058112    0.003058112
    5.560080134    0.003866858    0.003866864    0.003866863
    5.610161937    0.005317590    0.005317602    0.005317600
    5.660243740    0.006477924    0.006477943    0.006477941
    5.710325543    0.006054888    0.006054901    0.006054899
    5.760407346    0.006263621    0.006263627    0.006263625
    5.810489149    0.007846683    0.007846684    0.007846682
    5.860570952    0.011652910    0.011652905    0.011652902
    5.910652755    0.019463467    0.019463453    0.019463449
    5.960734558    0.026624533    0.026624515    0.026624515
    6.010816361    0.023893103    0.023893102    0.023893104
    6.060898164    0.019547467    0.019547487    0.019547486
    6.110979967    0.014917654    0.014917672    0.014917669
    6.161061770    0.012796660    0.012796671    0.012796667
    6.211143573    0.014288598    0.014288608    0.014288602
    6.261225376    0.016409992    0.016410003    0.016409995
    6.311307179    0.017071672    0.017071681    0.017071667
    6.361388982    0.017257191    0.017257202    0.017257188
    6.411470785    0.020971139    0.020971154    0.020971141
    6.461552588    0.028919746    0.028919765    0.028919752
    6.511634391    0.033852920    0.033852937    0.033852927
    6.561716194    0.033117806    0.033117815    0.033117818
    6.611797997    0.029630849    0.029630854    0.029630860
    6.661879800    0.027494025    0.027494026    0.027494027
    6.711961603    0.026803516    0.026803518    0.026803509
    6.762043406    0.024150041    0.024150052    0.024150032
    6.812125209    0.025184855    0.025184871    0.025184846
    6.862207012    0.028392954    0.028392959    0.028392941
    6.912288815    0.028549091    0.028549084    0.028549077
    6.962370618    0.028996495    0.028996480    0.028996474
    7.012452421    0.028570857    0.028570844    0.028570843
    7.062534224    0.026282596    0.026282580    0.026282584
    7.112616027    0.024555959    0.024555940    0.024555942
    7.162697830    0.027000965    0.027000938    0.027000938
    7.212779633    0.026485168    0.026485139    0.026485141
    7.262861436    0.026297483    0.026297462    0.026297460
    7.312943239    0.030792516    0.030792498    0.030792497
    7.363025042    0.035509615    0.035509598    0.035509609
    7.413106845    0.042654847    0.042654845    0.042654858
    7.463188648    0.046386079    0.046386081    0.046386108
    7.513270451    0.035483974    0.035483970    0.035483995
    7.563352254    0.027350848    0.027350842    0.027350843
    7.613434057    0.026504957    0.026504953    0.026504939
    7.663515860    0.029814529    0.029814525    0.029814508
    7.713597663    0.031404093    0.031404091    0.031404079
    7.763679466    0.030702968    0.030702976    0.030702958
    7.813761269    0.031302825    0.031302848    0.031302815
    7.863843072    0.032783678    0.032783698    0.032783672
    7.913924875    0.032322593    0.032322611    0.032322598
    7.964006678    0.032929646    0.032929663    0.032929646
    8.014088481    0.038458629    0.038458634    0.038458616
    8.064170284    0.040299567    0.040299552    0.040299551
    8.114252087    0.036105519    0.036105490    0.036105492
    8.164333890    0.031563574    0.031563546    0.031563542
    8.214415693    0.030317857    0.030317837    0.030317826
    8.264497496    0.033396381    0.033396362    0.033396345
    8.314579299    0.037198015    0.037197992    0.037197983
    8.364661102    0.037658096    0.037658073    0.037658069
    8.414742905    0.039563419    0.039563399    0.039563382
    8.464824708    0.040617610    0.040617580    0.040617560
    8.514906511    0.039766916    0.039766880    0.039766880
    8.564988314    0.034740268    0.034740243    0.034740259
    8.615070117    0.032154952    0.032154944    0.032154949
    8.665151920    0.036183022    0.036183029    0.036183023
    8.715233723    0.042877278    0.042877295    0.042877273
    8.765315526    0.042999331    0.042999355    0.042999319
    8.815397329    0.033692448    0.033692463    0.033692435
    8.865479132    0.028445325    0.028445325    0.028445312
    8.915560935    0.029607615    0.029607618    0.029607602
    8.965642738    0.033882070    0.033882086    0.033882060
    9.015724541    0.035341571    0.035341590    0.035341558
    9.065806344    0.036724044    0.036724062    0.036724024
    9.115888147    0.036326466    0.036326487    0.036326446
    9.165969950    0.033997798    0.033997814    0.033997780
    9.216051753    0.034463335    0.034463345    0.034463307
    9.266133556    0.039989317    0.039989327    0.039989277
    9.316215359    0.045410781    0.045410798    0.045410738
    9.366297162    0.047714780    0.047714809    0.047714752
    9.416378965    0.043513205    0.043513235    0.043513195
    9.466460768    0.037568769    0.037568791    0.037568778
    9.516542571    0.033627349    0.033627357    0.033627362
    9.566624374    0.032994264    0.032994271    0.032994274
    9.616706177    0.037422051    0.037422063    0.037422056
    9.666787980    0.039574092    0.039574106    0.039574104
    9.716869783    0.036391992    0.036391999    0.036392001
    9.766951586    0.034506591    0.034506592    0.034506593
    9.817033389    0.036177054    0.036177052    0.036177061
    9.867115192    0.038363951    0.038363943    0.038363954
    9.917196995    0.037360284    0.037360267    0.037360285
    9.967278798    0.031350964    0.031350946    0.031350969
   10.017360601    0.028521780    0.028521761    0.028521784
   10.067442404    0.027249981    0.027249964    0.027249979
   10.117524207    0.029516409    0.029516393    0.029516398
   10.167606010    0.034270024    0.034270008    0.034270011
   10.217687813    0.039853519    0.039853507    0.039853511
   10.267769616    0.045336382    0.045336386    0.045336389
   10.317851419    0.043972665    0.043972681    0.043972691
   10.367933222    0.040992449    0.040992457    0.040992466
   10.418015025    0.041012845    0.041012847    0.041012854
   10.468096828    0.039249814    0.039249809    0.039249823
   10.518178631    0.033612778    0.033612771    0.033612787
   10.568260434    0.028457262    0.028457258    0.028457266
   10.618342237    0.027174794    0.027174792    0.027174798
   10.668424040    0.027746945    0.027746941    0.027746951
   10.718505843    0.028952299    0.028952292    0.028952304
   10.768587646    0.029427365    0.029427358    0.029427376
   10.818669449    0.028218893    0.028218883    0.028218904
   10.868751252    0.028154352    0.028154341    0.028154356
   10.918833055    0.028077381    0.028077373    0.028077386
   10.968914858    0.027655314    0.027655309    0.027655320
   11.018996661    0.027544984    0.027544982    0.027544991
   11.069078464    0.027675329    0.027675330    0.027675338
   11.119160267    0.027480393    0.027480395    0.027480401
   11.169242070    0.030484511    0.030484510    0.030484511
   11.219323873    0.036681842    0.036681840    0.036681841
   11.269405676    0.040293382    0.040293381    0.040293383
   11.319487479    0.041394231    0.041394230    0.041394232
   11.369569282    0.040894109    0.040894105    0.040894110
   11.419651085    0.043645062    0.043645056    0.043645059
   11.469732888    0.045327073    0.045327078    0.045327083
   11.519814691    0.039656011    0.039656020    0.039656027
   11.569896494    0.033170145    0.033170153    0.033170159
   11.619978297    0.028660222    0.028660227    0.028660231
   11.670060100    0.026588246    0.026588249    0.026588251
   11.720141903    0.026766938    0.026766941    0.026766939
   11.770223706    0.028626973    0.028626977    0.028626971
   11.820305509    0.032634414    0.032634417    0.032634406
   11.870387312    0.040728914    0.040728917    0.040728903
   11.920469115    0.049216659    0.049216666    0.049216656
   11.970550918    0.052634274    0.052634286    0.052634278
   12.020632721    0.054213637    0.054213651    0.054213645
   12.070714524    0.058981758    0.058981775    0.058981766
   12.120796327    0.063942537    0.063942554    0.063942539
   12.170878130    0.066772927    0.066772930    0.066772911
   12.220959933    0.071589321    0.071589320    0.071589308
   12.271041736    0.076323053    0.076323054    0.076323058
   12.321123539    0.081619112    0.081619105    0.081619117
   12.371205342    0.091260403    0.091260385    0.091260409
   12.421287145    0.099253486    0.099253451    0.099253487
   12.471368948    0.102569307    0.102569270    0.102569296
   12.521450751    0.108426516    0.108426497    0.108426501
   12.571532554    0.116357923    0.116357935    0.116357912
   12.621614357    0.117176292    0.117176313    0.117176304
   12.671696160    0.106567322    0.106567330    0.106567361
   12.721777963    0.099428400    0.099428405    0.099428456
   12.771859766    0.095236118    0.095236119    0.095236158
   12.821941569    0.089130346    0.089130341    0.089130352
   12.872023372    0.085248004    0.085248005    0.085247999
   12.922105175    0.077986483    0.077986491    0.077986493
   12.972186978    0.071452417    0.071452426    0.071452433
   13.022268781    0.066818608    0.066818616    0.066818618
   13.072350584    0.062819460    0.062819467    0.062819464
   13.122432387    0.062377771    0.062377776    0.062377769
   13.172514190    0.065003064    0.065003064    0.065003064
   13.222595993    0.068515638    0.068515633    0.068515643
   13.272677796    0.069528132    0.069528121    0.069528132
   13.322759599    0.070056687    0.070056683    0.070056691
   13.372841402    0.070268664    0.070268666    0.070268681
   13.422923205    0.068618440    0.068618444    0.068618455
   13.473005008    0.069384294    0.069384301    0.069384306
   13.523086811    0.076914967    0.076914949    0.076914964
   13.573168614    0.092327177    0.092327146    0.092327168
   13.623250417    0.097624005    0.097624010    0.097624022
   13.673332220    0.096772721    0.096772732    0.096772733
   13.723414023    0.099565223    0.099565191    0.099565203
   13.773495826    0.103198130    0.103198052    0.103198098
   13.823577629    0.103400411    0.103400329    0.103400378
   13.873659432    0.102175353    0.102175285    0.102175302
   13.923741235    0.106336555    0.106336516    0.106336489
   13.973823038    0.114861947    0.114861914    0.114861871
   14.023904841    0.131864785    0.131864728    0.131864717
   14.073986644    0.141811393    0.141811337    0.141811353
   14.124068447    0.127827253    0.127827231    0.127827219
   14.174150250    0.122558657    0.122558658    0.122558604
   14.224232053    0.128513932    0.128513943    0.128513854
   14.274313856    0.137029603    0.137029583    0.137029464
   14.324395659    0.149579893    0.149579867    0.149579735
   14.374477462    0.155569148    0.155569130    0.155569036
   14.424559265    0.151997267    0.151997226    0.151997185
   14.474641068    0.144938912    0.144938818    0.144938800
   14.524722871    0.143697184    0.143697098    0.143697104
   14.574804674    0.141179313    0.141179288    0.141179284
   14.624886477    0.141029630    0.141029653    0.141029637
   14.674968280    0.130613744    0.130613788    0.130613775
   14.725050083    0.120953372    0.120953418    0.120953402
   14.775131886    0.114266018    0.114266055    0.114266033
   14.825213689    0.116893761    0.116893795    0.116893758
   14.875295492    0.124607618    0.124607652    0.124607602
   14.925377295    0.124987787    0.124987806    0.124987771
   14.975459098    0.129841047    0.129841056    0.129841006
   15.025540902    0.132764319    0.132764310    0.132764269
   15.075622705    0.131692393    0.131692394    0.131692363
   15.125704508    0.126566448    0.126566461    0.126566449
   15.175786311    0.117256465    0.117256481    0.117256462
   15.225868114    0.112838028    0.112838068    0.112838022
   15.275949917    0.113649977    0.113650043    0.113649981
   15.326031720    0.117121705    0.117121772    0.117121690
   15.376113523    0.121721424    0.121721495    0.121721409
   15.426195326    0.131082454    0.131082544    0.131082466
   15.476277129    0.127537208    0.127537288    0.127537249
   15.526358932    0.111688885    0.111688955    0.111688922
   15.576440735    0.109038384    0.109038447    0.109038400
   15.626522538    0.111148883    0.111148924    0.111148873
   15.676604341    0.112323312    0.112323335    0.112323306
   15.726686144    0.108121997    0.108121998    0.108122005
   15.776767947    0.101243447    0.101243421    0.101243438
   15.826849750    0.098946458    0.098946423    0.098946406
   15.876931553    0.099470559    0.099470539    0.099470470
   15.927013356    0.095496921    0.095496913    0.095496833
   15.977095159    0.098214854    0.098214850    0.098214763
   16.027176962    0.106011734    0.106011719    0.106011630
   16.077258765    0.109136869    0.109136838    0.109136729
   16.127340568    0.121053236    0.121053158    0.121053023
   16.177422371    0.140797167    0.140796965    0.140796902
   16.227504174    0.153728307    0.153728068    0.153728095
   16.277585977    0.150292734    0.150292558    0.150292609
   16.327667780    0.141117877    0.141117710    0.141117800
   16.377749583    0.138146329    0.138146118    0.138146255
   16.427831386    0.148918188    0.148917951    0.148918122
   16.477913189    0.142109950    0.142109796    0.142109913
   16.527994992    0.125954290    0.125954189    0.125954258
   16.578076795    0.119331656    0.119331587    0.119331619
   16.628158598    0.124791584    0.124791506    0.124791522
   16.678240401    0.133984785    0.133984673    0.133984691
   16.728322204    0.148058811    0.148058760    0.148058767
   16.778404007    0.156450483    0.156450506    0.156450488
   16.828485810    0.159378631    0.159378701    0.159378661
   16.878567613    0.180052498    0.180052582    0.180052553
   16.928649416    0.190119963    0.190119987    0.190120018
   16.978731219    0.176690373    0.176690373    0.176690438
   17.028813022    0.170304853    0.170304875    0.170304939
   17.078894825    0.178533152    0.178533209    0.178533181
   17.128976628    0.181376930    0.181376983    0.181376857
   17.179058431    0.179038028    0.179038066    0.179037902
   17.229140234    0.169168521    0.169168561    0.169168424
   17.279222037    0.162888136    0.162888184    0.162888044
   17.329303840    0.171933026    0.171933109    0.171932927
   17.379385643    0.177328029    0.177328133    0.177327950
   17.429467446    0.171662769    0.171662882    0.171662717
   17.479549249    0.174188088    0.174188180    0.174188002
   17.529631052    0.174710887    0.174710894    0.174710783
   17.579712855    0.191162276    0.191162263    0.191162201
   17.629794658    0.201465803    0.201465845    0.201465846
   17.679876461    0.174728818    0.174728875    0.174728898
   17.729958264    0.154920582    0.154920656    0.154920663
   17.780040067    0.138148103    0.138148175    0.138148150
   17.830121870    0.125241859    0.125241942    0.125241886
   17.880203673    0.120331208    0.120331305    0.120331240
   17.930285476    0.119756104    0.119756182    0.119756127
   17.980367279    0.132387188    0.132387259    0.132387200
   18.030449082    0.148340163    0.148340228    0.148340180
   18.080530885    0.156658912    0.156658959    0.156658921
   18.130612688    0.168446142    0.168446187    0.168446117
   18.180694491    0.171564814    0.171564895    0.171564807
   18.230776294    0.161723098    0.161723163    0.161723104
   18.280858097    0.152221440    0.152221421    0.152221406
   18.330939900    0.144939506    0.144939404    0.144939392
   18.381021703    0.146956584    0.146956462    0.146956435
   18.431103506    0.156083370    0.156083299    0.156083263
   18.481185309    0.167294961    0.167294929    0.167294903
   18.531267112    0.171703714    0.171703673    0.171703646
   18.581348915    0.172424302    0.172424225    0.172424201
   18.631430718    0.173951554    0.173951464    0.173951466
   18.681512521    0.177196119    0.177196073    0.177196077
   18.731594324    0.170122494    0.170122542    0.170122513
   18.781676127    0.158391027    0.158391105    0.158391068
   18.831757930    0.165843373    0.165843446    0.165843391
   18.881839733    0.186134679    0.186134673    0.186134657
   18.931921536    0.184984551    0.184984425    0.184984547
   18.982003339    0.174793021    0.174792818    0.174793057
   19.032085142    0.166154645    0.166154426    0.166154684
   19.082166945    0.171614552    0.171614345    0.171614585
   19.132248748    0.184620948    0.184620839    0.184620994
   19.182330551    0.194471023    0.194471024    0.194471088
   19.232412354    0.193377928    0.193378022    0.193378003
   19.282494157    0.197060903    0.197061066    0.197060944
   19.332575960    0.208403754    0.208403960    0.208403738
   19.382657763    0.238307454    0.238307625    0.238307337
   19.432739566    0.275003682    0.275003826    0.275003557
   19.482821369    0.288077527    0.288077629    0.288077421
   19.532903172    0.268550122    0.268550175    0.268550047
   19.582984975    0.239314804    0.239314869    0.239314763
   19.633066778    0.218361046    0.218361168    0.218361048
   19.683148581    0.225526156    0.225526335    0.225526192
   19.733230384    0.258262821    0.258263025    0.258262890
   19.783312187    0.283100273    0.283100486    0.283100343
   19.833393990    0.287674185    0.287674382    0.287674282
   19.883475793    0.289118571    0.289118761    0.289118691
   19.933557596    0.296673058    0.296673241    0.296673240
   19.983639399    0.298923655    0.298923800    0.298923838
   20.033721202    0.307872967    0.307873048    0.307873032
   20.083803005    0.302736221    0.302736217    0.302736247
   20.133884808    0.287316292    0.287316276    0.287316345
   20.183966611    0.270460117    0.270460125    0.270460184
   20.234048414    0.238127716    0.238127752    0.238127748
   20.284130217    0.212636665    0.212636675    0.212636649
   20.334212020    0.212793791    0.212793804    0.212793754
   20.384293823    0.244023357    0.244023444    0.244023325
   20.434375626    0.269467394    0.269467573    0.269467418
   20.484457429    0.269409143    0.269409317    0.269409201
   20.534539232    0.272975950    0.272976036    0.272975997
   20.584621035    0.279618214    0.279618244    0.279618198
   20.634702838    0.286656970    0.286656987    0.286656964
   20.684784641    0.305083543    0.305083562    0.305083589
   20.734866444    0.304049253    0.304049325    0.304049411
   20.784948247    0.308221864    0.308221925    0.308222099
   20.835030050    0.311768027    0.311767996    0.311768211
   20.885111853    0.324403405    0.324403296    0.324403403
   20.935193656    0.338819806    0.338819660    0.338819648
   20.985275459    0.327179751    0.327179583    0.327179516
   21.035357262    0.340264621    0.340264479    0.340264367
   21.085439065    0.366280441    0.366280350    0.366280225
   21.135520868    0.366453834    0.366453724    0.366453600
   21.185602671    0.354939877    0.354939792    0.354939594
   21.235684474    0.349091409    0.349091315    0.349091126
   21.285766277    0.364155289    0.364155157    0.364155083
   21.335848080    0.406866460    0.406866384    0.406866372
   21.385929883    0.454904005    0.454904158    0.454904126
   21.436011686    0.477463572    0.477464065    0.477463789
   21.486093489    0.519989546    0.519990349    0.519989849
   21.536175292    0.607042191    0.607043189    0.607042501
   21.586257095    0.686680126    0.686681078    0.686680365
   21.636338898    0.743180437    0.743181041    0.743180450
   21.686420701    0.762689688    0.762689964    0.762689478
   21.736502504    0.781826758    0.781826804    0.781826419
   21.786584307    0.767702867    0.767702812    0.767702790
   21.836666110    0.691357759    0.691357387    0.691357637
   21.886747913    0.585393102    0.585392637    0.585392934
   21.936829716    0.550292013    0.550291624    0.550291991
   21.986911519    0.562263535    0.562263208    0.562263449
   22.036993322    0.529250035    0.529249873    0.529249910
   22.087075125    0.476038058    0.476037982    0.476037899
   22.137156928    0.445289396    0.445289554    0.445289412
   22.187238731    0.476530713    0.476531204    0.476530965
   22.237320534    0.498372546    0.498372865    0.498372646
   22.287402337    0.486179122    0.486179253    0.486179082
   22.337484140    0.513346314    0.513346512    0.513346314
   22.387565943    0.572929347    0.572929646    0.572929239
   22.437647746    0.590992791    0.590992734    0.590992359
   22.487729549    0.542691952    0.542691740    0.542691486
   22.537811352    0.515740798    0.515740559    0.515740352
   22.587893155    0.490972979    0.490972746    0.490972513
   22.637974958    0.473348412    0.473348343    0.473348110
   22.688056761    0.444815968    0.444815911    0.444815724
   22.738138564    0.406414325    0.406414235    0.406414044
   22.788220367    0.363505134    0.363505049    0.363504943
   22.838302170    0.362237186    0.362237100    0.362237101
   22.888383973    0.393325541    0.393325273    0.393325392
   22.938465776    0.406291846    0.406291417    0.406291561
   22.988547579    0.389891525    0.389891217    0.389891300
   23.038629382    0.412775873    0.412775781    0.412775769
   23.088711185    0.470799526    0.470799596    0.470799369
   23.138792988    0.496644167    0.496644265    0.496643835
   23.188874791    0.517336754    0.517336961    0.517336481
   23.238956594    0.527330257    0.527330649    0.527330172
   23.289038397    0.525362277    0.525362818    0.525362467
   23.339120200    0.533484855    0.533485389    0.533485175
   23.389202003    0.545772674    0.545773023    0.545772973
   23.439283806    0.510659615    0.510659786    0.510659768
   23.489365609    0.506125419    0.506125542    0.506125526
   23.539447412    0.481777347    0.481777167    0.481777187
   23.589529215    0.434171647    0.434171347    0.434171334
   23.639611018    0.441982964    0.441982740    0.441982698
   23.689692821    0.499803746    0.499803668    0.499803639
   23.739774624    0.574432062    0.574432154    0.574432331
   23.789856427    0.628690587    0.628690872    0.628691023
   23.839938230    0.650411721    0.650412101    0.650412133
   23.890020033    0.626209134    0.626209557    0.626209478
   23.940101836    0.590524300    0.590524894    0.590524965
   23.990183639    0.642705688    0.642706393    0.642706841
   24.040265442    0.698864457    0.698864855    0.698865473
   24.090347245    0.675223491    0.675223753    0.675224156
   24.140429048    0.636182279    0.636182560    0.636182836
   24.190510851    0.601263486    0.601263713    0.601263875
   24.240592654    0.594747834    0.594748092    0.594748356
   24.290674457    0.619769609    0.619769913    0.619770184
   24.340756260    0.692329607    0.692329914    0.692329886
   24.390838063    0.745561848    0.745562210    0.745562003
   24.440919866    0.772987736    0.772988277    0.772988358
   24.491001669    0.827030723    0.827031317    0.827031783
   24.541083472    0.877235393    0.877236056    0.877236497
   24.591165275    0.862038419    0.862038820    0.862038934
   24.641247078    0.851826340    0.851826479    0.851826670
   24.691328881    0.793184904    0.793184851    0.793184814
   24.741410684    0.724072565    0.724072364    0.724072152
   24.791492487    0.676875109    0.676874954    0.676874746
   24.841574290    0.647936098    0.647936202    0.647936028
   24.891656093    0.647141879    0.647142129    0.647141947
   24.941737896    0.663651767    0.663652028    0.663651886
   24.991819699    0.683306766    0.683307099    0.683306934
   25.041901503    0.699084932    0.699085517    0.699085112
   25.091983306    0.690637713    0.690638543    0.690638119
   25.142065109    0.718854405    0.718855166    0.718855085
   25.192146912    0.793560759    0.793561220    0.793561497
   25.242228715    0.844414620    0.844414545    0.844414830
   25.292310518    0.752498751    0.752498333    0.752498285
   25.342392321    0.667922074    0.667921788    0.667921671
   25.392474124    0.667820211    0.667819903    0.667819909
   25.442555927    0.660944036    0.660943603    0.660943732
   25.492637730    0.676122037    0.676121671    0.676121995
   25.542719533    0.726312061    0.726311762    0.726312427
   25.592801336    0.815524980    0.815524744    0.815525959
   25.642883139    0.933358732    0.933358682    0.933359961
   25.692964942    0.977590100    0.977589973    0.977590466
   25.743046745    0.930686826    0.930686856    0.930686819
   25.793128548    0.870859970    0.870860409    0.870860161
   25.843210351    0.821313843    0.821314396    0.821314108
   25.893292154    0.823624088    0.823624860    0.823624412
   25.943373957    0.853434258    0.853435157    0.853434481
   25.993455760    0.828581877    0.828582598    0.828581871
   26.043537563    0.758130557    0.758131145    0.758130350
   26.093619366    0.724190142    0.724190630    0.724189832
   26.143701169    0.734287632    0.734287990    0.734287327
   26.193782972    0.733124748    0.733124993    0.733124412
   26.243864775    0.743628818    0.743628831    0.743628425
   26.293946578    0.811214350    0.811213871    0.811213772
   26.344028381    0.915740852    0.915740350    0.915740539
   26.394110184    1.001729184    1.001729009    1.001729259
   26.444191987    1.008901937    1.008902026    1.008902497
   26.494273790    1.011992471    1.011992403    1.011992782
   26.544355593    1.060999060    1.060998678    1.060998518
   26.594437396    1.196213682    1.196212941    1.196212665
   26.644519199    1.210152448    1.210152178    1.210151876
   26.694601002    1.130080555    1.130080952    1.130080189
   26.744682805    1.056182586    1.056183275    1.056182370
   26.794764608    1.051743098    1.051743937    1.051742937
   26.844846411    1.039819615    1.039820121    1.039818961
   26.894928214    0.980423550    0.980424054    0.980422872
   26.945010017    0.978280830    0.978281859    0.978280402
   26.995091820    1.032758135    1.032759367    1.032758058
   27.045173623    0.996417596    0.996418360    0.996417653
   27.095255426    0.920035922    0.920036504    0.920035885
   27.145337229    0.920699889    0.920700711    0.920699864
   27.195419032    0.961517808    0.961518614    0.961518042
   27.245500835    0.975155094    0.975156011    0.975155943
   27.295582638    0.974742284    0.974743273    0.974743177
   27.345664441    0.954940102    0.954940549    0.954940150
   27.395746244    0.945804290    0.945804291    0.945803783
   27.445828047    1.043961691    1.043961624    1.043961179
   27.495909850    1.105102128    1.105102227    1.105100808
   27.545991653    1.031779630    1.031780108    1.031778477
   27.596073456    1.027702329    1.027703047    1.027701618
   27.646155259    1.016757241    1.016757908    1.016756664
   27.696237062    1.036504041    1.036504971    1.036503806
   27.746318865    1.193022353    1.193023392    1.193021814
   27.796400668    1.385408139    1.385409094    1.385406816
   27.846482471    1.407995942    1.407996598    1.407994522
   27.896564274    1.278855182    1.278855222    1.278853829
   27.946646077    1.124411966    1.124412005    1.124410926
   27.996727880    1.106019230    1.106019748    1.106018670
   28.046809683    1.213001831    1.213002544    1.213001167
   28.096891486    1.307060116    1.307061273    1.307059595
   28.146973289    1.409580246    1.409581566    1.409580106
   28.197055092    1.401774145    1.401774985    1.401774020
   28.247136895    1.294414564    1.294415694    1.294414906
   28.297218698    1.202595504    1.202596341    1.202595782
   28.347300501    1.193746927    1.193747472    1.193747055
   28.397382304    1.268501161    1.268501861    1.268501349
   28.447464107    1.283527083    1.283528615    1.283527523
   28.497545910    1.285234228    1.285236299    1.285234887
   28.547627713    1.319334124    1.319336508    1.319334927
   28.597709516    1.331043534    1.331045715    1.331043637
   28.647791319    1.330815246    1.330817137    1.330815522
   28.697873122    1.254361063    1.254362171    1.254361848
   28.747954925    1.209786507    1.209787744    1.209787957
   28.798036728    1.287087955    1.287089069    1.287089429
   28.848118531    1.297061317    1.297062261    1.297062744
   28.898200334    1.247833999    1.247835326    1.247835712
   28.948282137    1.270646510    1.270647914    1.270648071
   28.998363940    1.268019315    1.268020502    1.268020542
   29.048445743    1.321850372    1.321850954    1.321851087
   29.098527546    1.322487696    1.322488248    1.322487988
   29.148609349    1.281453246    1.281454589    1.281454296
   29.198691152    1.339341044    1.339342747    1.339342748
   29.248772955    1.438059468    1.438060448    1.438060588
   29.298854758    1.395559459    1.395559781    1.395559798
   29.348936561    1.348555979    1.348556602    1.348556698
   29.399018364    1.483839012    1.483839883    1.483840178
   29.449100167    1.621462838    1.621463639    1.621464368
   29.499181970    1.638577085    1.638576840    1.638577673
   29.549263773    1.522488000    1.522486995    1.522486941
   29.599345576    1.354241356    1.354240851    1.354239934
   29.649427379    1.222462120    1.222462129    1.222460909
   29.699509182    1.169712567    1.169713066    1.169711904
   29.749590985    1.246383630    1.246384348    1.246383770
   29.799672788    1.335957392    1.335958206    1.335957942
   29.849754591    1.360888713    1.360889664    1.360889008
   29.899836394    1.419112215    1.419113464    1.419112406
   29.949918197    1.501618145    1.501619674    1.501617909
   30.000000000    1.504566090    1.504567025    1.504564233
