# energy grid [eV]     epsi_x  epsi_y  epsi_z
#
    0.001000000    0.000007315    0.000007315    0.000007315
    0.051081803    0.000373668    0.000373668    0.000373668
    0.101163606    0.000740156    0.000740156    0.000740156
    0.151245409    0.001106911    0.001106911    0.001106911
    0.201327212    0.001474067    0.001474067    0.001474067
    0.251409015    0.001841756    0.001841756    0.001841756
    0.301490818    0.002210113    0.002210113    0.002210113
    0.351572621    0.002579271    0.002579271    0.002579271
    0.401654424    0.002949367    0.002949368    0.002949367
    0.451736227    0.003320538    0.003320538    0.003320538
    0.501818030    0.003692921    0.003692921    0.003692921
    0.551899833    0.004066656    0.004066656    0.004066656
    0.601981636    0.004441885    0.004441885    0.004441884
    0.652063439    0.004818749    0.004818749    0.004818749
    0.702145242    0.005197394    0.005197395    0.005197394
    0.752227045    0.005577968    0.005577968    0.005577968
    0.802308848    0.005960619    0.005960620    0.005960619
    0.852390651    0.006345501    0.006345501    0.006345500
    0.902472454    0.006732767    0.006732768    0.006732767
    0.952554257    0.007122576    0.007122577    0.007122576
    1.002636060    0.007515090    0.007515090    0.007515089
    1.052717863    0.007910472    0.007910473    0.007910472
    1.102799666    0.008308892    0.008308893    0.008308892
    1.152881469    0.008710522    0.008710523    0.008710522
    1.202963272    0.009115539    0.009115539    0.009115538
    1.253045075    0.009524124    0.009524124    0.009524123
    1.303126878    0.009936463    0.009936464    0.009936463
    1.353208681    0.010352749    0.010352749    0.010352748
    1.403290484    0.010773177    0.010773178    0.010773176
    1.453372287    0.011197952    0.011197952    0.011197951
    1.503454090    0.011627281    0.011627281    0.011627280
    1.553535893    0.012061381    0.012061382    0.012061380
    1.603617696    0.012500475    0.012500476    0.012500474
    1.653699499    0.012944794    0.012944795    0.012944793
    1.703781302    0.013394575    0.013394576    0.013394574
    1.753863105    0.013850067    0.013850067    0.013850066
    1.803944908    0.014311524    0.014311525    0.014311523
    1.854026711    0.014779213    0.014779214    0.014779212
    1.904108514    0.015253411    0.015253412    0.015253410
    1.954190317    0.015734403    0.015734404    0.015734402
    2.004272120    0.016222489    0.016222490    0.016222488
    2.054353923    0.016717980    0.016717981    0.016717978
    2.104435726    0.017221199    0.017221200    0.017221198
    2.154517529    0.017732487    0.017732488    0.017732485
    2.204599332    0.018252195    0.018252196    0.018252194
    2.254681135    0.018780694    0.018780695    0.018780693
    2.304762938    0.019318371    0.019318372    0.019318369
    2.354844741    0.019865630    0.019865631    0.019865628
    2.404926544    0.020422897    0.020422898    0.020422896
    2.455008347    0.020990618    0.020990619    0.020990616
    2.505090150    0.021569261    0.021569263    0.021569260
    2.555171953    0.022159320    0.022159321    0.022159318
    2.605253756    0.022761313    0.022761314    0.022761311
    2.655335559    0.023375788    0.023375789    0.023375786
    2.705417362    0.024003321    0.024003323    0.024003319
    2.755499165    0.024644523    0.024644525    0.024644521
    2.805580968    0.025300039    0.025300041    0.025300037
    2.855662771    0.025970552    0.025970553    0.025970550
    2.905744574    0.026656785    0.026656787    0.026656783
    2.955826377    0.027359508    0.027359510    0.027359506
    3.005908180    0.028079537    0.028079539    0.028079535
    3.055989983    0.028817742    0.028817744    0.028817739
    3.106071786    0.029575048    0.029575050    0.029575046
    3.156153589    0.030352445    0.030352447    0.030352442
    3.206235392    0.031150989    0.031150991    0.031150986
    3.256317195    0.031971810    0.031971813    0.031971808
    3.306398998    0.032816122    0.032816124    0.032816119
    3.356480801    0.033685225    0.033685227    0.033685222
    3.406562604    0.034580519    0.034580522    0.034580516
    3.456644407    0.035503512    0.035503515    0.035503509
    3.506726210    0.036455833    0.036455836    0.036455830
    3.556808013    0.037439241    0.037439244    0.037439238
    3.606889816    0.038455643    0.038455646    0.038455640
    3.656971619    0.039507111    0.039507114    0.039507107
    3.707053422    0.040595897    0.040595900    0.040595893
    3.757135225    0.041724459    0.041724463    0.041724456
    3.807217028    0.042895484    0.042895488    0.042895480
    3.857298831    0.044111916    0.044111920    0.044111912
    3.907380634    0.045376989    0.045376994    0.045376985
    3.957462437    0.046694270    0.046694274    0.046694266
    4.007544240    0.048067697    0.048067702    0.048067693
    4.057626043    0.049501638    0.049501643    0.049501634
    4.107707846    0.051000951    0.051000956    0.051000947
    4.157789649    0.052571058    0.052571063    0.052571053
    4.207871452    0.054218032    0.054218038    0.054218027
    4.257953255    0.055948706    0.055948713    0.055948702
    4.308035058    0.057770798    0.057770804    0.057770793
    4.358116861    0.059693063    0.059693070    0.059693058
    4.408198664    0.061725488    0.061725496    0.061725483
    4.458280467    0.063879519    0.063879527    0.063879514
    4.508362270    0.066168352    0.066168361    0.066168347
    4.558444073    0.068607296    0.068607305    0.068607290
    4.608525876    0.071214227    0.071214238    0.071214222
    4.658607679    0.074010180    0.074010192    0.074010175
    4.708689482    0.077020102    0.077020115    0.077020097
    4.758771285    0.080273848    0.080273862    0.080273843
    4.808853088    0.083807503    0.083807518    0.083807498
    4.858934891    0.087665170    0.087665187    0.087665165
    4.909016694    0.091901429    0.091901449    0.091901425
    4.959098497    0.096584797    0.096584820    0.096584794
    5.009180301    0.101802697    0.101802723    0.101802695
    5.059262104    0.107668806    0.107668836    0.107668806
    5.109343907    0.114334258    0.114334293    0.114334260
    5.159425710    0.122005368    0.122005410    0.122005373
    5.209507513    0.130972906    0.130972957    0.130972916
    5.259589316    0.141663054    0.141663117    0.141663071
    5.309671119    0.154731751    0.154731832    0.154731780
    5.359752922    0.171252945    0.171253052    0.171252991
    5.409834725    0.193128799    0.193128948    0.193128875
    5.459916528    0.224076650    0.224076872    0.224076779
    5.509998331    0.272221504    0.272221861    0.272221737
    5.560080134    0.356535325    0.356535969    0.356535783
    5.610161937    0.505203169    0.505204435    0.505204142
    5.660243740    0.619427862    0.619429736    0.619429410
    5.710325543    0.593012676    0.593013876    0.593013598
    5.760407346    0.648937498    0.648937959    0.648937653
    5.810489149    0.872802991    0.872802920    0.872802480
    5.860570952    1.395424076    1.395423333    1.395422572
    5.910652755    2.346535407    2.346533832    2.346532745
    5.960734558    2.680617133    2.680616344    2.680615963
    6.010816361    2.133271848    2.133272987    2.133272551
    6.060898164    1.705618176    1.705620491    1.705619843
    6.110979967    1.351546810    1.351548551    1.351547846
    6.161061770    1.268426337    1.268427459    1.268426625
    6.211143573    1.530057363    1.530058460    1.530057298
    6.261225376    1.790951478    1.790952697    1.790951218
    6.311307179    1.902417656    1.902418772    1.902416613
    6.361388982    2.039441418    2.039442816    2.039440788
    6.411470785    2.693869113    2.693871123    2.693869119
    6.461552588    3.566074048    3.566075725    3.566073949
    6.511634391    3.578111179    3.578111789    3.578111144
    6.561716194    3.165636883    3.165636745    3.165636949
    6.611797997    2.761945004    2.761944784    2.761944691
    6.661879800    2.650157577    2.650157137    2.650156193
    6.711961603    2.571482538    2.571482576    2.571480664
    6.762043406    2.437521871    2.437522764    2.437520036
    6.812125209    2.708261522    2.708262045    2.708259399
    6.862207012    3.021448161    3.021447041    3.021445832
    6.912288815    2.956380413    2.956378269    2.956377961
    6.962370618    2.989594489    2.989592109    2.989591814
    7.012452421    2.901833004    2.901831124    2.901831243
    7.062534224    2.686451689    2.686449623    2.686449880
    7.112616027    2.728272603    2.728270095    2.728269916
    7.162697830    3.087800892    3.087797795    3.087797600
    7.212779633    3.043872222    3.043869781    3.043869551
    7.262861436    3.300513158    3.300511808    3.300511161
    7.312943239    4.013115973    4.013115146    4.013115332
    7.363025042    4.495693641    4.495693924    4.495694949
    7.413106845    4.848485919    4.848487763    4.848488309
    7.463188648    4.178840291    4.178840947    4.178841924
    7.513270451    3.036420201    3.036420235    3.036419984
    7.563352254    2.710193006    2.710192965    2.710190772
    7.613434057    2.997537617    2.997537853    2.997534393
    7.663515860    3.558042110    3.558042527    3.558039065
    7.713597663    3.630279255    3.630280291    3.630277580
    7.763679466    3.642552315    3.642554738    3.642550857
    7.813761269    3.832154585    3.832157594    3.832153049
    7.863843072    4.030640954    4.030642618    4.030640153
    7.913924875    3.987115368    3.987116414    3.987114944
    7.964006678    4.359170655    4.359170533    4.359168322
    8.014088481    4.901471360    4.901468577    4.901467457
    8.064170284    4.514932165    4.514928272    4.514928700
    8.114252087    3.981092046    3.981088393    3.981087888
    8.164333890    3.730603077    3.730600338    3.730598935
    8.214415693    4.052439570    4.052437683    4.052435145
    8.264497496    4.709932387    4.709930555    4.709928041
    8.314579299    5.045371424    5.045369640    5.045368641
    8.364661102    4.995431486    4.995430263    4.995428793
    8.414742905    5.166658195    5.166657354    5.166654574
    8.464824708    5.019973654    5.019972104    5.019970860
    8.514906511    4.717937050    4.717936464    4.717937570
    8.564988314    4.246088913    4.246090227    4.246090712
    8.615070117    4.543049010    4.543052684    4.543050434
    8.665151920    5.462593361    5.462598982    5.462594584
    8.715233723    5.821534726    5.821539720    5.821534241
    8.765315526    4.925323536    4.925326971    4.925322750
    8.815397329    4.024163452    4.024165099    4.024162587
    8.865479132    4.092000427    4.092001134    4.091999284
    8.915560935    4.922775633    4.922778464    4.922774499
    8.965642738    5.714695209    5.714699889    5.714694626
    9.015724541    5.813745455    5.813749025    5.813743730
    9.065806344    6.007415948    6.007418981    6.007413943
    9.115888147    5.834001245    5.834004007    5.834000041
    9.165969950    5.854583281    5.854584743    5.854581383
    9.216051753    6.669522880    6.669524234    6.669519463
    9.266133556    7.681969135    7.681971183    7.681967202
    9.316215359    7.634260140    7.634262854    7.634262218
    9.366297162    6.906300965    6.906303229    6.906305415
    9.416378965    5.977862611    5.977863402    5.977867785
    9.466460768    5.583542324    5.583541930    5.583547894
    9.516542571    5.673766040    5.673764422    5.673770798
    9.566624374    6.424436770    6.424435894    6.424440417
    9.616706177    7.419308528    7.419307710    7.419311749
    9.666787980    7.074077834    7.074076146    7.074081202
    9.716869783    6.661207505    6.661204530    6.661209167
    9.766951586    7.013565681    7.013562051    7.013567262
    9.817033389    7.641372168    7.641367824    7.641374611
    9.867115192    7.805109418    7.805104448    7.805110229
    9.917196995    7.061790291    7.061785734    7.061791641
    9.967278798    6.610031305    6.610027278    6.610032957
   10.017360601    7.086435562    7.086431453    7.086436443
   10.067442404    8.153088622    8.153085493    8.153087611
   10.117524207   10.259617873   10.259616139   10.259616864
   10.167606010   11.955590580   11.955591769   11.955594234
   10.217687813   12.500324155   12.500328641   12.500331519
   10.267769616   11.512389059   11.512394433   11.512397393
   10.317851419   10.129340513   10.129341618   10.129344811
   10.367933222   10.066830071   10.066828594   10.066830775
   10.418015025   10.037364560   10.037362176   10.037365065
   10.468096828    9.331111310    9.331108733    9.331112280
   10.518178631    8.737244924    8.737243463    8.737245852
   10.568260434    9.191634459    9.191633259    9.191634807
   10.618342237   10.771302683   10.771301448   10.771304689
   10.668424040   12.502937823   12.502934819   12.502939769
   10.718505843   13.949570287   13.949567855   13.949572768
   10.768587646   14.549584766   14.549582559   14.549587526
   10.818669449   15.594337809   15.594335839   15.594336375
   10.868751252   17.428354375   17.428355455   17.428351909
   10.918833055   18.956699807   18.956703781   18.956699195
   10.968914858   21.011985792   21.011991885   21.011984727
   11.018996661   23.735521418   23.735527313   23.735518355
   11.069078464   26.452333623   26.452337620   26.452328175
   11.119160267   30.537081641   30.537081984   30.537068569
   11.169242070   31.632290788   31.632291524   31.632286586
   11.219323873   27.031543912   27.031545472   27.031544575
   11.269405676   24.501262355   24.501263083   24.501261535
   11.319487479   23.698595021   23.698596093   23.698594471
   11.369569282   24.100998881   24.101001405   24.100997836
   11.419651085   22.789229141   22.789232905   22.789230978
   11.469732888   21.452464125   21.452463634   21.452461191
   11.519814691   23.646909988   23.646906265   23.646901015
   11.569896494   28.727307651   28.727301081   28.727293221
   11.619978297   34.840535261   34.840528899   34.840523352
   11.670060100   35.459181173   35.459178285   35.459183768
   11.720141903   28.717022348   28.717021992   28.717034397
   11.770223706   21.454422193   21.454422381   21.454432726
   11.820305509   15.983383118   15.983383462   15.983389192
   11.870387312   13.125837982   13.125837583   13.125839145
   11.920469115   12.539134444   12.539133395   12.539133864
   11.970550918   12.522290383   12.522289488   12.522289697
   12.020632721   11.868070652   11.868070884   11.868071103
   12.070714524   10.863854555   10.863855171   10.863855973
   12.120796327   10.519175432   10.519177694   10.519178383
   12.170878130   10.089287640   10.089291103   10.089290405
   12.220959933    9.524364206    9.524366613    9.524364159
   12.271041736    9.154820072    9.154822500    9.154819091
   12.321123539    8.641702652    8.641705512    8.641702726
   12.371205342    8.136623016    8.136625957    8.136623117
   12.421287145    8.132612603    8.132615312    8.132613380
   12.471368948    8.240799962    8.240801629    8.240801272
   12.521450751    8.046161445    8.046160975    8.046161988
   12.571532554    7.927594927    7.927593275    7.927594906
   12.621614357    8.339716714    8.339715342    8.339715200
   12.671696160    9.307883035    9.307882445    9.307879310
   12.721777963    9.974820390    9.974820033    9.974814975
   12.771859766   10.434606935   10.434607029   10.434603388
   12.821941569   11.136574113   11.136574859   11.136574399
   12.872023372   11.637285047   11.637284924   11.637286233
   12.922105175   12.684992186   12.684991006   12.684991081
   12.972186978   13.570074480   13.570073665   13.570073263
   13.022268781   13.925776909   13.925776900   13.925778370
   13.072350584   13.662141830   13.662143122   13.662145821
   13.122432387   12.273013361   12.273016163   12.273018041
   13.172514190   10.939379536   10.939382824   10.939382821
   13.222595993   10.137822321   10.137825782   10.137825415
   13.272677796    9.768724414    9.768727123    9.768727727
   13.322759599    9.245181705    9.245183191    9.245183845
   13.372841402    8.849534537    8.849536309    8.849536898
   13.422923205    8.180665374    8.180667549    8.180669542
   13.473005008    7.119006888    7.119010353    7.119011541
   13.523086811    6.111783925    6.111787426    6.111788199
   13.573168614    5.921587136    5.921588163    5.921589259
   13.623250417    6.353019779    6.353020300    6.353022058
   13.673332220    6.348636564    6.348639719    6.348641068
   13.723414023    6.187293618    6.187298707    6.187298964
   13.773495826    6.099679780    6.099683939    6.099684011
   13.823577629    6.175277986    6.175279855    6.175282597
   13.873659432    5.892242811    5.892242721    5.892247365
   13.923741235    5.487787706    5.487786925    5.487791483
   13.973823038    5.092262193    5.092262297    5.092264525
   14.023904841    4.919612332    4.919612927    4.919613884
   14.073986644    5.397357524    5.397357277    5.397358780
   14.124068447    6.042338844    6.042337497    6.042341619
   14.174150250    5.743319615    5.743318002    5.743323193
   14.224232053    5.385452867    5.385452491    5.385457199
   14.274313856    5.137382192    5.137382839    5.137386417
   14.324395659    5.042389663    5.042389944    5.042392065
   14.374477462    5.274584332    5.274584671    5.274585320
   14.424559265    5.653674143    5.653675838    5.653675390
   14.474641068    5.922906292    5.922908826    5.922908152
   14.524722871    5.991037742    5.991037987    5.991037116
   14.574804674    6.116623979    6.116621479    6.116621897
   14.624886477    6.274134195    6.274130723    6.274131438
   14.674968280    6.808557905    6.808554060    6.808554915
   14.725050083    7.036762073    7.036758675    7.036760092
   14.775131886    6.879155024    6.879152737    6.879154722
   14.825213689    6.251729804    6.251728067    6.251730407
   14.875295492    5.953406752    5.953405802    5.953407397
   14.925377295    5.973110470    5.973110158    5.973111357
   14.975459098    5.736210184    5.736210084    5.736211591
   15.025540902    5.873909456    5.873909385    5.873910132
   15.075622705    6.020768847    6.020767669    6.020768113
   15.125704508    6.341665158    6.341663550    6.341664032
   15.175786311    6.536771071    6.536768786    6.536770688
   15.225868114    6.223913764    6.223910293    6.223913166
   15.275949917    5.864902588    5.864900012    5.864902441
   15.326031720    5.529275937    5.529274531    5.529276272
   15.376113523    5.336180962    5.336179812    5.336180488
   15.426195326    5.293941907    5.293941018    5.293940665
   15.476277129    5.899430458    5.899430374    5.899429406
   15.526358932    6.142806471    6.142807957    6.142807596
   15.576440735    5.606898940    5.606902084    5.606901579
   15.626522538    5.357244127    5.357248099    5.357246851
   15.676604341    5.302676461    5.302680744    5.302678424
   15.726686144    5.361234881    5.361239980    5.361237903
   15.776767947    5.104593561    5.104598277    5.104598398
   15.826849750    4.663196979    4.663200153    4.663202042
   15.876931553    4.358640364    4.358642648    4.358643632
   15.927013356    4.011373719    4.011376311    4.011375610
   15.977095159    3.494214769    3.494217568    3.494216101
   16.027176962    3.345618597    3.345621761    3.345620054
   16.077258765    3.140059940    3.140063354    3.140061292
   16.127340568    2.925665437    2.925669069    2.925665575
   16.177422371    3.003051540    3.003054439    3.003050292
   16.227504174    3.312118590    3.312119415    3.312115839
   16.277585977    3.612828765    3.612828937    3.612825538
   16.327667780    3.677410083    3.677410408    3.677407011
   16.377749583    3.455101212    3.455100838    3.455098703
   16.427831386    3.456196313    3.456194200    3.456193850
   16.477913189    3.797905644    3.797901625    3.797903109
   16.527994992    3.631882249    3.631877632    3.631879990
   16.578076795    3.149500575    3.149496706    3.149498800
   16.628158598    2.821019792    2.821016960    2.821018281
   16.678240401    2.650247765    2.650244313    2.650245479
   16.728322204    2.619241162    2.619237326    2.619238485
   16.778404007    2.717757779    2.717754448    2.717755603
   16.828485810    2.620115699    2.620113362    2.620113973
   16.878567613    2.619175766    2.619174614    2.619174630
   16.928649416    2.939911711    2.939910891    2.939910840
   16.978731219    3.125404306    3.125402778    3.125403545
   17.028813022    3.000420116    3.000418132    3.000420448
   17.078894825    2.922160602    2.922158940    2.922162220
   17.128976628    3.047138533    3.047137314    3.047140279
   17.179058431    3.127241369    3.127240059    3.127242007
   17.229140234    3.202914174    3.202912677    3.202913798
   17.279222037    2.974595266    2.974593648    2.974594678
   17.329303840    2.854245410    2.854243950    2.854244495
   17.379385643    2.933876695    2.933875660    2.933875417
   17.429467446    2.955273709    2.955273221    2.955272588
   17.479549249    2.857640560    2.857641137    2.857639610
   17.529631052    2.814964385    2.814964949    2.814962649
   17.579712855    2.724348573    2.724347993    2.724346073
   17.629794658    3.148575888    3.148574705    3.148572895
   17.679876461    3.539821096    3.539819835    3.539818539
   17.729958264    3.495025275    3.495024200    3.495023809
   17.780040067    3.315050200    3.315049719    3.315049755
   17.830121870    2.863469635    2.863469582    2.863469146
   17.880203673    2.465798343    2.465799180    2.465798151
   17.930285476    2.105080945    2.105081964    2.105080979
   17.980367279    1.930698683    1.930699491    1.930698619
   18.030449082    1.973194576    1.973195403    1.973194561
   18.080530885    2.000237093    2.000237803    2.000237319
   18.130612688    2.054066788    2.054067280    2.054066782
   18.180694491    2.208962589    2.208963400    2.208962445
   18.230776294    2.221761870    2.221763648    2.221762178
   18.280858097    2.122426330    2.122428150    2.122427022
   18.330939900    1.920845767    1.920846403    1.920845760
   18.381021703    1.764734542    1.764733973    1.764733372
   18.431103506    1.692511303    1.692510617    1.692509956
   18.481185309    1.724421259    1.724420906    1.724420243
   18.531267112    1.752992324    1.752992205    1.752991590
   18.581348915    1.750269907    1.750269494    1.750268756
   18.631430718    1.724459708    1.724458847    1.724458246
   18.681512521    1.741930926    1.741929611    1.741929278
   18.731594324    1.737716834    1.737716070    1.737715618
   18.781676127    1.566997005    1.566997082    1.566996381
   18.831757930    1.423201739    1.423202353    1.423201424
   18.881839733    1.499747504    1.499748295    1.499746921
   18.931921536    1.573482344    1.573482670    1.573481493
   18.982003339    1.514067407    1.514066625    1.514066784
   19.032085142    1.363612762    1.363611200    1.363612459
   19.082166945    1.266947002    1.266944889    1.266946721
   19.132248748    1.242037736    1.242035695    1.242037531
   19.182330551    1.275507238    1.275505476    1.275507168
   19.232412354    1.242404162    1.242402916    1.242404400
   19.282494157    1.172656572    1.172655921    1.172656911
   19.332575960    1.122266288    1.122266208    1.122266593
   19.382657763    1.129050977    1.129051045    1.129050884
   19.432739566    1.251606325    1.251606310    1.251605934
   19.482821369    1.430376370    1.430376326    1.430375784
   19.532903172    1.554875760    1.554875465    1.554874927
   19.582984975    1.514899180    1.514898576    1.514898142
   19.633066778    1.324282149    1.324281679    1.324281258
   19.683148581    1.162297369    1.162297267    1.162296728
   19.733230384    1.157141652    1.157141716    1.157141215
   19.783312187    1.247063665    1.247063832    1.247063243
   19.833393990    1.306932779    1.306933043    1.306932352
   19.883475793    1.314749833    1.314750190    1.314749488
   19.933557596    1.338804779    1.338805279    1.338804610
   19.983639399    1.365372175    1.365372808    1.365372522
   20.033721202    1.398211752    1.398212467    1.398212187
   20.083803005    1.495188005    1.495188531    1.495188112
   20.133884808    1.515296831    1.515297013    1.515296865
   20.183966611    1.541348636    1.541348626    1.541348898
   20.234048414    1.459750568    1.459750613    1.459750949
   20.284130217    1.224111836    1.224111884    1.224112069
   20.334212020    1.018655268    1.018655049    1.018655193
   20.384293823    0.984396400    0.984396261    0.984396216
   20.434375626    1.047160693    1.047160833    1.047160510
   20.484457429    1.050873601    1.050874164    1.050873632
   20.534539232    1.023908419    1.023908942    1.023908578
   20.584621035    1.002356005    1.002356327    1.002356026
   20.634702838    0.977734420    0.977734626    0.977734273
   20.684784641    0.988741515    0.988741606    0.988741319
   20.734866444    0.997573862    0.997574051    0.997573872
   20.784948247    0.970044937    0.970045352    0.970045416
   20.835030050    0.949392426    0.949392767    0.949393338
   20.885111853    0.926461342    0.926461492    0.926462203
   20.935193656    0.954620842    0.954620784    0.954621394
   20.985275459    0.927060043    0.927059776    0.927060227
   21.035357262    0.872343054    0.872342633    0.872342939
   21.085439065    0.895714907    0.895714544    0.895714757
   21.135520868    0.919781999    0.919781564    0.919781832
   21.185602671    0.883841901    0.883841365    0.883841507
   21.235684474    0.814478682    0.814478154    0.814478024
   21.285766277    0.741561525    0.741560842    0.741560825
   21.335848080    0.722961067    0.722960205    0.722960397
   21.385929883    0.739343569    0.739342622    0.739343084
   21.436011686    0.750651308    0.750650545    0.750651055
   21.486093489    0.714234981    0.714234641    0.714234927
   21.536175292    0.731747370    0.731747399    0.731747493
   21.586257095    0.781057952    0.781058276    0.781058188
   21.636338898    0.850938218    0.850938801    0.850938621
   21.686420701    0.920107145    0.920107757    0.920107547
   21.736502504    0.994202369    0.994202998    0.994202608
   21.786584307    1.101215452    1.101216138    1.101215435
   21.836666110    1.294170814    1.294171938    1.294171021
   21.886747913    1.462086565    1.462087745    1.462086735
   21.936829716    1.416348513    1.416349066    1.416348373
   21.986911519    1.398001336    1.398001411    1.398001405
   22.036993322    1.499486503    1.499486215    1.499486706
   22.087075125    1.545651003    1.545650191    1.545650832
   22.137156928    1.419797255    1.419795813    1.419796447
   22.187238731    1.259306037    1.259305328    1.259305727
   22.237320534    1.279467979    1.279468218    1.279468408
   22.287402337    1.246736782    1.246737004    1.246737129
   22.337484140    1.157826554    1.157826618    1.157826953
   22.387565943    1.146076197    1.146076529    1.146076897
   22.437647746    1.268970770    1.268971672    1.268971780
   22.487729549    1.397113129    1.397113871    1.397113753
   22.537811352    1.431496865    1.431497498    1.431497397
   22.587893155    1.464538791    1.464538935    1.464538838
   22.637974958    1.482729093    1.482728933    1.482728616
   22.688056761    1.526258769    1.526258789    1.526258310
   22.738138564    1.526756293    1.526756346    1.526755575
   22.788220367    1.397400118    1.397400035    1.397398816
   22.838302170    1.165964146    1.165964212    1.165963231
   22.888383973    1.084968827    1.084968922    1.084968348
   22.938465776    1.081431430    1.081430868    1.081430755
   22.988547579    1.008347690    1.008346417    1.008346614
   23.038629382    0.891419617    0.891418494    0.891418833
   23.088711185    0.891805078    0.891804245    0.891804632
   23.138792988    0.922446575    0.922445769    0.922445860
   23.188874791    0.941885504    0.941884668    0.941884492
   23.238956594    0.965895657    0.965894824    0.965894332
   23.289038397    0.983414475    0.983414002    0.983413259
   23.339120200    0.971627345    0.971627310    0.971626445
   23.389202003    1.018224642    1.018224962    1.018224176
   23.439283806    1.041382473    1.041382761    1.041382045
   23.489365609    1.009159426    1.009159876    1.009159246
   23.539447412    1.027977549    1.027977984    1.027977358
   23.589529215    0.923610132    0.923609822    0.923609295
   23.639611018    0.776119581    0.776118930    0.776118433
   23.689692821    0.719047016    0.719046366    0.719045846
   23.739774624    0.725980962    0.725980305    0.725979866
   23.789856427    0.775119528    0.775118940    0.775118733
   23.839938230    0.824166720    0.824166165    0.824165962
   23.890020033    0.882884296    0.882883740    0.882883326
   23.940101836    0.832967460    0.832967008    0.832966253
   23.990183639    0.777472088    0.777472086    0.777471451
   24.040265442    0.828739874    0.828740039    0.828739797
   24.090347245    0.894772633    0.894772615    0.894772601
   24.140429048    0.914694310    0.914694262    0.914694379
   24.190510851    0.882280334    0.882280308    0.882280376
   24.240592654    0.807678010    0.807677904    0.807677947
   24.290674457    0.742006471    0.742006405    0.742006698
   24.340756260    0.708795375    0.708795296    0.708795613
   24.390838063    0.735823536    0.735823348    0.735823331
   24.440919866    0.737829618    0.737829453    0.737829163
   24.491001669    0.746120397    0.746120300    0.746120074
   24.541083472    0.783974185    0.783974202    0.783974333
   24.591165275    0.851336924    0.851337180    0.851337393
   24.641247078    0.899054157    0.899054514    0.899054701
   24.691328881    0.991363923    0.991364350    0.991364856
   24.741410684    1.034798286    1.034798640    1.034799177
   24.791492487    1.034280185    1.034280087    1.034280464
   24.841574290    0.983275184    0.983274768    0.983275035
   24.891656093    0.920941606    0.920941295    0.920941491
   24.941737896    0.876500338    0.876500111    0.876500241
   24.991819699    0.843694386    0.843694066    0.843694307
   25.041901503    0.847974919    0.847974532    0.847974748
   25.091983306    0.821685507    0.821685494    0.821685259
   25.142065109    0.775828363    0.775828807    0.775828322
   25.192146912    0.755677064    0.755677757    0.755677416
   25.242228715    0.828561465    0.828562311    0.828562287
   25.292310518    0.951196266    0.951197031    0.951197223
   25.342392321    0.912964438    0.912964826    0.912964746
   25.392474124    0.839225028    0.839225357    0.839225076
   25.442555927    0.789059788    0.789059896    0.789059554
   25.492637730    0.714770859    0.714770666    0.714770289
   25.542719533    0.664014643    0.664014436    0.664014127
   25.592801336    0.626635604    0.626635299    0.626635230
   25.642883139    0.651625283    0.651625003    0.651625440
   25.692964942    0.713921418    0.713921185    0.713922002
   25.743046745    0.790532451    0.790531868    0.790532774
   25.793128548    0.834770553    0.834769786    0.834770762
   25.843210351    0.831969809    0.831969090    0.831970046
   25.893292154    0.798870715    0.798870092    0.798871076
   25.943373957    0.793592851    0.793592487    0.793593383
   25.993455760    0.846140758    0.846140634    0.846141463
   26.043537563    0.857441252    0.857441343    0.857442078
   26.093619366    0.798795148    0.798795421    0.798795750
   26.143701169    0.740968083    0.740968491    0.740968577
   26.193782972    0.701979360    0.701979793    0.701979722
   26.243864775    0.635595007    0.635595533    0.635595310
   26.293946578    0.580242027    0.580242310    0.580242100
   26.344028381    0.567443061    0.567442987    0.567442930
   26.394110184    0.590669665    0.590669481    0.590669532
   26.444191987    0.618771903    0.618771753    0.618771868
   26.494273790    0.617269744    0.617269790    0.617270294
   26.544355593    0.586162735    0.586162763    0.586163350
   26.594437396    0.589153441    0.589153362    0.589153809
   26.644519199    0.653126951    0.653126489    0.653127064
   26.694601002    0.720336798    0.720336058    0.720336916
   26.744682805    0.744227362    0.744226568    0.744227437
   26.794764608    0.733872084    0.733871448    0.733872301
   26.844846411    0.757504320    0.757503899    0.757504757
   26.894928214    0.775947634    0.775946933    0.775947772
   26.945010017    0.734986417    0.734985586    0.734986278
   26.995091820    0.723501084    0.723500550    0.723500820
   27.045173623    0.776700532    0.776700307    0.776700394
   27.095255426    0.780795211    0.780794871    0.780795124
   27.145337229    0.725589363    0.725588997    0.725589179
   27.195419032    0.695570764    0.695570544    0.695570443
   27.245500835    0.695504357    0.695504098    0.695504048
   27.295582638    0.691441807    0.691441815    0.691442133
   27.345664441    0.688730436    0.688730767    0.688731296
   27.395746244    0.643237654    0.643237879    0.643238357
   27.445828047    0.592105824    0.592105785    0.592106417
   27.495909850    0.633200271    0.633199992    0.633200953
   27.545991653    0.658633135    0.658632680    0.658633331
   27.596073456    0.628311055    0.628310690    0.628311066
   27.646155259    0.613700300    0.613699981    0.613700254
   27.696237062    0.549530748    0.549530488    0.549530780
   27.746318865    0.498873590    0.498873468    0.498873853
   27.796400668    0.515655044    0.515654961    0.515655387
   27.846482471    0.573653322    0.573653304    0.573653592
   27.896564274    0.657956630    0.657956708    0.657956855
   27.946646077    0.687463108    0.687462863    0.687462896
   27.996727880    0.617826516    0.617826060    0.617826089
   28.046809683    0.563141918    0.563141515    0.563141642
   28.096891486    0.550323975    0.550323495    0.550323587
   28.146973289    0.555037294    0.555036986    0.555036946
   28.197055092    0.602840600    0.602840320    0.602840252
   28.247136895    0.657199548    0.657199085    0.657199002
   28.297218698    0.673974691    0.673974461    0.673974263
   28.347300501    0.633029805    0.633029545    0.633029384
   28.397382304    0.603803082    0.603802573    0.603802635
   28.447464107    0.610889363    0.610888543    0.610888853
   28.497545910    0.608870645    0.608869861    0.608870093
   28.547627713    0.598751627    0.598751000    0.598751252
   28.597709516    0.612371669    0.612371265    0.612371477
   28.647791319    0.621918106    0.621917934    0.621917637
   28.697873122    0.662394024    0.662394036    0.662393225
   28.747954925    0.637026223    0.637026185    0.637025355
   28.798036728    0.600849431    0.600849492    0.600848884
   28.848118531    0.620208672    0.620208632    0.620208129
   28.898200334    0.624590699    0.624590513    0.624590166
   28.948282137    0.606673929    0.606673940    0.606673750
   28.998363940    0.597128065    0.597128245    0.597128055
   29.048445743    0.575893270    0.575893579    0.575893461
   29.098527546    0.593292775    0.593292759    0.593292765
   29.148609349    0.586640152    0.586639977    0.586639851
   29.198691152    0.546311712    0.546311770    0.546311569
   29.248772955    0.541272833    0.541273176    0.541273047
   29.298854758    0.575155024    0.575155343    0.575155269
   29.348936561    0.554949903    0.554950072    0.554949950
   29.399018364    0.506417642    0.506417813    0.506417682
   29.449100167    0.507278668    0.507278876    0.507278734
   29.499181970    0.542014543    0.542015021    0.542014995
   29.549263773    0.605097263    0.605097759    0.605098119
   29.599345576    0.670583231    0.670583431    0.670584173
   29.649427379    0.693231623    0.693231481    0.693232282
   29.699509182    0.643550683    0.643550416    0.643550854
   29.749590985    0.565136179    0.565135989    0.565136127
   29.799672788    0.546083036    0.546082881    0.546083180
   29.849754591    0.533202756    0.533202576    0.533203109
   29.899836394    0.514889046    0.514888852    0.514889468
   29.949918197    0.506599300    0.506599201    0.506600000
   30.000000000    0.524373816    0.524373891    0.524374731
