# energy grid [eV]     ieps_x  ieps_y  ieps_z
#
    0.001000000    6.453337936    6.453338020    6.453337821
    0.051081803    6.452956524    6.452956607    6.452956408
    0.101163606    6.452221075    6.452221159    6.452220960
    0.151245409    6.451239954    6.451240037    6.451239838
    0.201327212    6.450015271    6.450015354    6.450015156
    0.251409015    6.448547532    6.448547615    6.448547416
    0.301490818    6.446837277    6.446837360    6.446837162
    0.351572621    6.444885125    6.444885208    6.444885010
    0.401654424    6.442691777    6.442691860    6.442691662
    0.451736227    6.440258018    6.440258101    6.440257904
    0.501818030    6.437584717    6.437584800    6.437584603
    0.551899833    6.434672824    6.434672907    6.434672710
    0.601981636    6.431523372    6.431523454    6.431523258
    0.652063439    6.428137472    6.428137554    6.428137358
    0.702145242    6.424516317    6.424516399    6.424516203
    0.752227045    6.420661176    6.420661258    6.420661062
    0.802308848    6.416573395    6.416573477    6.416573282
    0.852390651    6.412254395    6.412254477    6.412254283
    0.902472454    6.407705671    6.407705753    6.407705559
    0.952554257    6.402928788    6.402928870    6.402928676
    1.002636060    6.397925383    6.397925464    6.397925272
    1.052717863    6.392697160    6.392697241    6.392697049
    1.102799666    6.387245890    6.387245970    6.387245779
    1.152881469    6.381573408    6.381573488    6.381573298
    1.202963272    6.375681613    6.375681693    6.375681503
    1.253045075    6.369572465    6.369572545    6.369572355
    1.303126878    6.363247980    6.363248060    6.363247871
    1.353208681    6.356710235    6.356710315    6.356710127
    1.403290484    6.349961359    6.349961438    6.349961251
    1.453372287    6.343003534    6.343003613    6.343003427
    1.503454090    6.335838994    6.335839072    6.335838887
    1.553535893    6.328470020    6.328470098    6.328469913
    1.603617696    6.320898940    6.320899018    6.320898834
    1.653699499    6.313128127    6.313128204    6.313128021
    1.703781302    6.305159995    6.305160072    6.305159890
    1.753863105    6.296996999    6.296997076    6.296996895
    1.803944908    6.288641632    6.288641709    6.288641528
    1.854026711    6.280096422    6.280096498    6.280096318
    1.904108514    6.271363930    6.271364006    6.271363828
    1.954190317    6.262446751    6.262446827    6.262446649
    2.004272120    6.253347508    6.253347583    6.253347407
    2.054353923    6.244068851    6.244068926    6.244068750
    2.104435726    6.234613455    6.234613530    6.234613355
    2.154517529    6.224984021    6.224984095    6.224983921
    2.204599332    6.215183268    6.215183341    6.215183169
    2.254681135    6.205213936    6.205214009    6.205213837
    2.304762938    6.195078782    6.195078855    6.195078684
    2.354844741    6.184780579    6.184780651    6.184780482
    2.404926544    6.174322113    6.174322185    6.174322016
    2.455008347    6.163706181    6.163706253    6.163706086
    2.505090150    6.152935593    6.152935664    6.152935498
    2.555171953    6.142013163    6.142013233    6.142013068
    2.605253756    6.130941714    6.130941784    6.130941620
    2.655335559    6.119724072    6.119724142    6.119723980
    2.705417362    6.108363070    6.108363139    6.108362978
    2.755499165    6.096861537    6.096861606    6.096861445
    2.805580968    6.085222305    6.085222374    6.085222215
    2.855662771    6.073448205    6.073448274    6.073448116
    2.905744574    6.061542064    6.061542132    6.061541975
    2.955826377    6.049506703    6.049506770    6.049506614
    3.005908180    6.037344939    6.037345006    6.037344851
    3.055989983    6.025059581    6.025059648    6.025059494
    3.106071786    6.012653431    6.012653497    6.012653345
    3.156153589    6.000129278    6.000129344    6.000129193
    3.206235392    5.987489904    5.987489969    5.987489819
    3.256317195    5.974738075    5.974738140    5.974737991
    3.306398998    5.961876547    5.961876611    5.961876464
    3.356480801    5.948908059    5.948908123    5.948907977
    3.406562604    5.935835337    5.935835401    5.935835256
    3.456644407    5.922661090    5.922661153    5.922661009
    3.506726210    5.909388008    5.909388070    5.909387928
    3.556808013    5.896018765    5.896018827    5.896018685
    3.606889816    5.882556015    5.882556076    5.882555936
    3.656971619    5.869002393    5.869002454    5.869002315
    3.707053422    5.855360512    5.855360573    5.855360435
    3.757135225    5.841632966    5.841633027    5.841632890
    3.807217028    5.827822325    5.827822385    5.827822250
    3.857298831    5.813931137    5.813931197    5.813931063
    3.907380634    5.799961927    5.799961986    5.799961853
    3.957462437    5.785917196    5.785917255    5.785917123
    4.007544240    5.771799421    5.771799479    5.771799348
    4.057626043    5.757611052    5.757611110    5.757610981
    4.107707846    5.743354518    5.743354575    5.743354447
    4.157789649    5.729032218    5.729032274    5.729032147
    4.207871452    5.714646526    5.714646583    5.714646457
    4.257953255    5.700199792    5.700199848    5.700199724
    4.308035058    5.685694336    5.685694391    5.685694268
    4.358116861    5.671132451    5.671132506    5.671132384
    4.408198664    5.656516405    5.656516460    5.656516339
    4.458280467    5.641848436    5.641848490    5.641848370
    4.508362270    5.627130754    5.627130807    5.627130689
    4.558444073    5.612365542    5.612365595    5.612365478
    4.608525876    5.597554954    5.597555006    5.597554890
    4.658607679    5.582701115    5.582701167    5.582701052
    4.708689482    5.567806122    5.567806174    5.567806061
    4.758771285    5.552872045    5.552872096    5.552871983
    4.808853088    5.537900921    5.537900972    5.537900860
    4.858934891    5.522894760    5.522894811    5.522894701
    4.909016694    5.507855546    5.507855596    5.507855487
    4.959098497    5.492785229    5.492785279    5.492785171
    5.009180301    5.477685733    5.477685782    5.477685676
    5.059262104    5.462558953    5.462559002    5.462558896
    5.109343907    5.447406753    5.447406802    5.447406697
    5.159425710    5.432230971    5.432231019    5.432230915
    5.209507513    5.417033413    5.417033460    5.417033358
    5.259589316    5.401815858    5.401815905    5.401815804
    5.309671119    5.386580057    5.386580103    5.386580003
    5.359752922    5.371327730    5.371327776    5.371327677
    5.409834725    5.356060570    5.356060616    5.356060518
    5.459916528    5.340780242    5.340780287    5.340780190
    5.509998331    5.325488381    5.325488426    5.325488330
    5.560080134    5.310186596    5.310186641    5.310186546
    5.610161937    5.294876467    5.294876511    5.294876418
    5.660243740    5.279559546    5.279559589    5.279559497
    5.710325543    5.264237356    5.264237400    5.264237308
    5.760407346    5.248911396    5.248911439    5.248911348
    5.810489149    5.233583135    5.233583178    5.233583088
    5.860570952    5.218254016    5.218254058    5.218253970
    5.910652755    5.202925454    5.202925497    5.202925409
    5.960734558    5.187598840    5.187598882    5.187598795
    6.010816361    5.172275535    5.172275576    5.172275491
    6.060898164    5.156956877    5.156956917    5.156956833
    6.110979967    5.141644175    5.141644216    5.141644132
    6.161061770    5.126338715    5.126338755    5.126338673
    6.211143573    5.111041757    5.111041797    5.111041715
    6.261225376    5.095754534    5.095754573    5.095754492
    6.311307179    5.080478256    5.080478295    5.080478215
    6.361388982    5.065214106    5.065214145    5.065214066
    6.411470785    5.049963246    5.049963284    5.049963206
    6.461552588    5.034726811    5.034726849    5.034726771
    6.511634391    5.019505912    5.019505949    5.019505873
    6.561716194    5.004301637    5.004301674    5.004301599
    6.611797997    4.989115052    4.989115089    4.989115014
    6.661879800    4.973947198    4.973947234    4.973947160
    6.711961603    4.958799093    4.958799129    4.958799056
    6.762043406    4.943671733    4.943671769    4.943671697
    6.812125209    4.928566092    4.928566128    4.928566056
    6.862207012    4.913483122    4.913483157    4.913483087
    6.912288815    4.898423753    4.898423788    4.898423718
    6.962370618    4.883388892    4.883388927    4.883388858
    7.012452421    4.868379427    4.868379461    4.868379394
    7.062534224    4.853396225    4.853396258    4.853396191
    7.112616027    4.838440130    4.838440163    4.838440097
    7.162697830    4.823511967    4.823512000    4.823511935
    7.212779633    4.808612543    4.808612575    4.808612511
    7.262861436    4.793742641    4.793742673    4.793742609
    7.312943239    4.778903028    4.778903060    4.778902997
    7.363025042    4.764094449    4.764094481    4.764094418
    7.413106845    4.749317633    4.749317664    4.749317602
    7.463188648    4.734573287    4.734573318    4.734573257
    7.513270451    4.719862102    4.719862133    4.719862073
    7.563352254    4.705184750    4.705184780    4.705184721
    7.613434057    4.690541884    4.690541915    4.690541856
    7.663515860    4.675934142    4.675934172    4.675934114
    7.713597663    4.661362143    4.661362172    4.661362115
    7.763679466    4.646826487    4.646826516    4.646826460
    7.813761269    4.632327761    4.632327790    4.632327734
    7.863843072    4.617866533    4.617866561    4.617866506
    7.913924875    4.603443355    4.603443383    4.603443329
    7.964006678    4.589058763    4.589058791    4.589058737
    8.014088481    4.574713278    4.574713305    4.574713252
    8.064170284    4.560407404    4.560407431    4.560407379
    8.114252087    4.546141631    4.546141658    4.546141606
    8.164333890    4.531916434    4.531916461    4.531916410
    8.214415693    4.517732272    4.517732299    4.517732248
    8.264497496    4.503589591    4.503589617    4.503589567
    8.314579299    4.489488821    4.489488847    4.489488798
    8.364661102    4.475430380    4.475430405    4.475430357
    8.414742905    4.461414670    4.461414695    4.461414647
    8.464824708    4.447442081    4.447442106    4.447442059
    8.514906511    4.433512989    4.433513014    4.433512968
    8.564988314    4.419627758    4.419627783    4.419627737
    8.615070117    4.405786738    4.405786762    4.405786716
    8.665151920    4.391990265    4.391990289    4.391990244
    8.715233723    4.378238667    4.378238690    4.378238646
    8.765315526    4.364532254    4.364532278    4.364532234
    8.815397329    4.350871330    4.350871353    4.350871310
    8.865479132    4.337256182    4.337256205    4.337256163
    8.915560935    4.323687090    4.323687112    4.323687070
    8.965642738    4.310164318    4.310164341    4.310164299
    9.015724541    4.296688124    4.296688146    4.296688105
    9.065806344    4.283258751    4.283258773    4.283258732
    9.115888147    4.269876433    4.269876455    4.269876415
    9.165969950    4.256541394    4.256541415    4.256541376
    9.216051753    4.243253846    4.243253868    4.243253829
    9.266133556    4.230013994    4.230014015    4.230013976
    9.316215359    4.216822029    4.216822050    4.216822012
    9.366297162    4.203678136    4.203678156    4.203678119
    9.416378965    4.190582488    4.190582508    4.190582471
    9.466460768    4.177535250    4.177535270    4.177535234
    9.516542571    4.164536578    4.164536598    4.164536562
    9.566624374    4.151586618    4.151586638    4.151586602
    9.616706177    4.138685509    4.138685528    4.138685493
    9.666787980    4.125833378    4.125833397    4.125833363
    9.716869783    4.113030348    4.113030367    4.113030333
    9.766951586    4.100276531    4.100276550    4.100276516
    9.817033389    4.087572031    4.087572050    4.087572016
    9.867115192    4.074916946    4.074916964    4.074916931
    9.917196995    4.062311363    4.062311381    4.062311349
    9.967278798    4.049755365    4.049755383    4.049755351
   10.017360601    4.037249026    4.037249043    4.037249012
   10.067442404    4.024792411    4.024792429    4.024792398
   10.117524207    4.012385582    4.012385599    4.012385569
   10.167606010    4.000028591    4.000028608    4.000028577
   10.217687813    3.987721483    3.987721499    3.987721470
   10.267769616    3.975464298    3.975464314    3.975464285
   10.317851419    3.963257069    3.963257085    3.963257056
   10.367933222    3.951099822    3.951099838    3.951099809
   10.418015025    3.938992577    3.938992593    3.938992565
   10.468096828    3.926935350    3.926935366    3.926935338
   10.518178631    3.914928148    3.914928163    3.914928136
   10.568260434    3.902970973    3.902970989    3.902970961
   10.618342237    3.891063823    3.891063838    3.891063812
   10.668424040    3.879206689    3.879206704    3.879206678
   10.718505843    3.867399557    3.867399572    3.867399546
   10.768587646    3.855642408    3.855642422    3.855642397
   10.818669449    3.843935217    3.843935231    3.843935205
   10.868751252    3.832277954    3.832277968    3.832277943
   10.918833055    3.820670586    3.820670600    3.820670575
   10.968914858    3.809113073    3.809113087    3.809113062
   11.018996661    3.797605371    3.797605385    3.797605361
   11.069078464    3.786147433    3.786147446    3.786147423
   11.119160267    3.774739205    3.774739218    3.774739195
   11.169242070    3.763380630    3.763380643    3.763380620
   11.219323873    3.752071647    3.752071660    3.752071637
   11.269405676    3.740812191    3.740812203    3.740812181
   11.319487479    3.729602191    3.729602204    3.729602182
   11.369569282    3.718441576    3.718441588    3.718441566
   11.419651085    3.707330267    3.707330279    3.707330257
   11.469732888    3.696268183    3.696268195    3.696268174
   11.519814691    3.685255241    3.685255253    3.685255232
   11.569896494    3.674291353    3.674291364    3.674291344
   11.619978297    3.663376426    3.663376438    3.663376417
   11.670060100    3.652510367    3.652510378    3.652510358
   11.720141903    3.641693077    3.641693088    3.641693069
   11.770223706    3.630924456    3.630924467    3.630924447
   11.820305509    3.620204399    3.620204410    3.620204391
   11.870387312    3.609532799    3.609532810    3.609532791
   11.920469115    3.598909546    3.598909557    3.598909538
   11.970550918    3.588334528    3.588334539    3.588334520
   12.020632721    3.577807629    3.577807640    3.577807622
   12.070714524    3.567328731    3.567328741    3.567328724
   12.120796327    3.556897714    3.556897723    3.556897706
   12.170878130    3.546514453    3.546514463    3.546514445
   12.220959933    3.536178824    3.536178833    3.536178817
   12.271041736    3.525890699    3.525890708    3.525890691
   12.321123539    3.515649947    3.515649956    3.515649939
   12.371205342    3.505456436    3.505456445    3.505456429
   12.421287145    3.495310032    3.495310041    3.495310025
   12.471368948    3.485210597    3.485210606    3.485210591
   12.521450751    3.475157995    3.475158004    3.475157988
   12.571532554    3.465152083    3.465152092    3.465152077
   12.621614357    3.455192721    3.455192729    3.455192714
   12.671696160    3.445279763    3.445279771    3.445279756
   12.721777963    3.435413064    3.435413072    3.435413057
   12.771859766    3.425592476    3.425592484    3.425592469
   12.821941569    3.415817850    3.415817858    3.415817844
   12.872023372    3.406089036    3.406089043    3.406089029
   12.922105175    3.396405881    3.396405888    3.396405874
   12.972186978    3.386768231    3.386768238    3.386768225
   13.022268781    3.377175932    3.377175939    3.377175926
   13.072350584    3.367628827    3.367628834    3.367628821
   13.122432387    3.358126759    3.358126766    3.358126753
   13.172514190    3.348669568    3.348669575    3.348669563
   13.222595993    3.339257095    3.339257102    3.339257090
   13.272677796    3.329889178    3.329889185    3.329889173
   13.322759599    3.320565656    3.320565662    3.320565650
   13.372841402    3.311286363    3.311286370    3.311286358
   13.422923205    3.302051137    3.302051144    3.302051132
   13.473005008    3.292859812    3.292859819    3.292859807
   13.523086811    3.283712222    3.283712228    3.283712217
   13.573168614    3.274608200    3.274608206    3.274608195
   13.623250417    3.265547577    3.265547583    3.265547572
   13.673332220    3.256530186    3.256530191    3.256530181
   13.723414023    3.247555856    3.247555861    3.247555851
   13.773495826    3.238624418    3.238624423    3.238624413
   13.823577629    3.229735700    3.229735706    3.229735696
   13.873659432    3.220889533    3.220889538    3.220889528
   13.923741235    3.212085742    3.212085747    3.212085737
   13.973823038    3.203324157    3.203324162    3.203324152
   14.023904841    3.194604603    3.194604608    3.194604598
   14.073986644    3.185926908    3.185926913    3.185926903
   14.124068447    3.177290897    3.177290902    3.177290892
   14.174150250    3.168696396    3.168696401    3.168696391
   14.224232053    3.160143230    3.160143235    3.160143226
   14.274313856    3.151631224    3.151631229    3.151631220
   14.324395659    3.143160203    3.143160207    3.143160199
   14.374477462    3.134729991    3.134729995    3.134729986
   14.424559265    3.126340411    3.126340415    3.126340406
   14.474641068    3.117991288    3.117991291    3.117991283
   14.524722871    3.109682444    3.109682448    3.109682440
   14.574804674    3.101413705    3.101413708    3.101413700
   14.624886477    3.093184891    3.093184895    3.093184887
   14.674968280    3.084995828    3.084995831    3.084995824
   14.725050083    3.076846337    3.076846341    3.076846333
   14.775131886    3.068736242    3.068736245    3.068736238
   14.825213689    3.060665365    3.060665368    3.060665361
   14.875295492    3.052633530    3.052633533    3.052633526
   14.925377295    3.044640558    3.044640561    3.044640554
   14.975459098    3.036686274    3.036686277    3.036686270
   15.025540902    3.028770499    3.028770502    3.028770495
   15.075622705    3.020893057    3.020893059    3.020893053
   15.125704508    3.013053770    3.013053773    3.013053766
   15.175786311    3.005252462    3.005252465    3.005252458
   15.225868114    2.997488956    2.997488959    2.997488953
   15.275949917    2.989763076    2.989763078    2.989763072
   15.326031720    2.982074644    2.982074646    2.982074640
   15.376113523    2.974423485    2.974423487    2.974423481
   15.426195326    2.966809422    2.966809424    2.966809418
   15.476277129    2.959232280    2.959232282    2.959232276
   15.526358932    2.951691882    2.951691884    2.951691878
   15.576440735    2.944188054    2.944188055    2.944188050
   15.626522538    2.936720619    2.936720621    2.936720616
   15.676604341    2.929289404    2.929289406    2.929289401
   15.726686144    2.921894234    2.921894236    2.921894231
   15.776767947    2.914534934    2.914534935    2.914534930
   15.826849750    2.907211330    2.907211331    2.907211326
   15.876931553    2.899923248    2.899923249    2.899923245
   15.927013356    2.892670516    2.892670517    2.892670512
   15.977095159    2.885452960    2.885452961    2.885452956
   16.027176962    2.878270407    2.878270408    2.878270404
   16.077258765    2.871122686    2.871122687    2.871122683
   16.127340568    2.864009624    2.864009625    2.864009621
   16.177422371    2.856931051    2.856931051    2.856931047
   16.227504174    2.849886794    2.849886795    2.849886791
   16.277585977    2.842876684    2.842876684    2.842876680
   16.327667780    2.835900550    2.835900550    2.835900547
   16.377749583    2.828958222    2.828958223    2.828958219
   16.427831386    2.822049532    2.822049533    2.822049529
   16.477913189    2.815174311    2.815174311    2.815174308
   16.527994992    2.808332389    2.808332390    2.808332386
   16.578076795    2.801523600    2.801523600    2.801523597
   16.628158598    2.794747776    2.794747776    2.794747773
   16.678240401    2.788004750    2.788004750    2.788004747
   16.728322204    2.781294356    2.781294356    2.781294353
   16.778404007    2.774616428    2.774616428    2.774616425
   16.828485810    2.767970801    2.767970801    2.767970798
   16.878567613    2.761357310    2.761357309    2.761357307
   16.928649416    2.754775790    2.754775790    2.754775787
   16.978731219    2.748226079    2.748226078    2.748226076
   17.028813022    2.741708012    2.741708012    2.741708009
   17.078894825    2.735221428    2.735221428    2.735221425
   17.128976628    2.728766165    2.728766164    2.728766162
   17.179058431    2.722342060    2.722342059    2.722342057
   17.229140234    2.715948953    2.715948953    2.715948951
   17.279222037    2.709586685    2.709586684    2.709586682
   17.329303840    2.703255094    2.703255094    2.703255092
   17.379385643    2.696954023    2.696954022    2.696954020
   17.429467446    2.690683312    2.690683311    2.690683309
   17.479549249    2.684442804    2.684442803    2.684442801
   17.529631052    2.678232341    2.678232340    2.678232339
   17.579712855    2.672051767    2.672051766    2.672051765
   17.629794658    2.665900926    2.665900925    2.665900923
   17.679876461    2.659779662    2.659779661    2.659779659
   17.729958264    2.653687820    2.653687819    2.653687817
   17.780040067    2.647625246    2.647625245    2.647625244
   17.830121870    2.641591787    2.641591786    2.641591784
   17.880203673    2.635587290    2.635587288    2.635587287
   17.930285476    2.629611601    2.629611600    2.629611599
   17.980367279    2.623664570    2.623664569    2.623664568
   18.030449082    2.617746046    2.617746045    2.617746044
   18.080530885    2.611855878    2.611855877    2.611855876
   18.130612688    2.605993916    2.605993915    2.605993914
   18.180694491    2.600160012    2.600160010    2.600160009
   18.230776294    2.594354016    2.594354015    2.594354014
   18.280858097    2.588575781    2.588575780    2.588575779
   18.330939900    2.582825160    2.582825158    2.582825158
   18.381021703    2.577102006    2.577102005    2.577102004
   18.431103506    2.571406174    2.571406172    2.571406171
   18.481185309    2.565737517    2.565737516    2.565737515
   18.531267112    2.560095893    2.560095891    2.560095890
   18.581348915    2.554481156    2.554481154    2.554481153
   18.631430718    2.548893163    2.548893161    2.548893160
   18.681512521    2.543331772    2.543331770    2.543331769
   18.731594324    2.537796841    2.537796839    2.537796839
   18.781676127    2.532288229    2.532288226    2.532288226
   18.831757930    2.526805794    2.526805792    2.526805792
   18.881839733    2.521349398    2.521349396    2.521349396
   18.931921536    2.515918901    2.515918899    2.515918898
   18.982003339    2.510514164    2.510514161    2.510514161
   19.032085142    2.505135049    2.505135046    2.505135046
   19.082166945    2.499781419    2.499781416    2.499781416
   19.132248748    2.494453137    2.494453135    2.494453135
   19.182330551    2.489150068    2.489150065    2.489150065
   19.232412354    2.483872075    2.483872073    2.483872073
   19.282494157    2.478619025    2.478619023    2.478619023
   19.332575960    2.473390784    2.473390781    2.473390782
   19.382657763    2.468187217    2.468187215    2.468187215
   19.432739566    2.463008193    2.463008191    2.463008191
   19.482821369    2.457853580    2.457853577    2.457853577
   19.532903172    2.452723245    2.452723242    2.452723243
   19.582984975    2.447617059    2.447617056    2.447617056
   19.633066778    2.442534891    2.442534888    2.442534889
   19.683148581    2.437476612    2.437476609    2.437476610
   19.733230384    2.432442093    2.432442090    2.432442091
   19.783312187    2.427431207    2.427431204    2.427431204
   19.833393990    2.422443825    2.422443822    2.422443822
   19.883475793    2.417479821    2.417479818    2.417479819
   19.933557596    2.412539069    2.412539066    2.412539067
   19.983639399    2.407621444    2.407621441    2.407621441
   20.033721202    2.402726820    2.402726817    2.402726818
   20.083803005    2.397855073    2.397855070    2.397855071
   20.133884808    2.393006081    2.393006078    2.393006079
   20.183966611    2.388179720    2.388179717    2.388179718
   20.234048414    2.383375867    2.383375864    2.383375865
   20.284130217    2.378594402    2.378594399    2.378594400
   20.334212020    2.373835203    2.373835200    2.373835201
   20.384293823    2.369098151    2.369098147    2.369098148
   20.434375626    2.364383124    2.364383121    2.364383122
   20.484457429    2.359690005    2.359690002    2.359690003
   20.534539232    2.355018675    2.355018672    2.355018673
   20.584621035    2.350369016    2.350369013    2.350369014
   20.634702838    2.345740911    2.345740907    2.345740909
   20.684784641    2.341134244    2.341134240    2.341134241
   20.734866444    2.336548898    2.336548894    2.336548895
   20.784948247    2.331984758    2.331984755    2.331984756
   20.835030050    2.327441710    2.327441707    2.327441708
   20.885111853    2.322919640    2.322919637    2.322919638
   20.935193656    2.318418434    2.318418431    2.318418432
   20.985275459    2.313937980    2.313937976    2.313937978
   21.035357262    2.309478165    2.309478161    2.309478163
   21.085439065    2.305038878    2.305038874    2.305038876
   21.135520868    2.300620008    2.300620004    2.300620005
   21.185602671    2.296221444    2.296221440    2.296221441
   21.235684474    2.291843076    2.291843073    2.291843074
   21.285766277    2.287484797    2.287484793    2.287484795
   21.335848080    2.283146496    2.283146493    2.283146494
   21.385929883    2.278828067    2.278828063    2.278828065
   21.436011686    2.274529401    2.274529398    2.274529399
   21.486093489    2.270250393    2.270250389    2.270250391
   21.536175292    2.265990935    2.265990931    2.265990933
   21.586257095    2.261750923    2.261750919    2.261750921
   21.636338898    2.257530251    2.257530247    2.257530249
   21.686420701    2.253328815    2.253328811    2.253328813
   21.736502504    2.249146511    2.249146507    2.249146509
   21.786584307    2.244983236    2.244983232    2.244983234
   21.836666110    2.240838887    2.240838883    2.240838885
   21.886747913    2.236713363    2.236713359    2.236713361
   21.936829716    2.232606561    2.232606557    2.232606559
   21.986911519    2.228518381    2.228518377    2.228518379
   22.036993322    2.224448722    2.224448718    2.224448720
   22.087075125    2.220397485    2.220397481    2.220397483
   22.137156928    2.216364570    2.216364566    2.216364568
   22.187238731    2.212349879    2.212349875    2.212349877
   22.237320534    2.208353313    2.208353309    2.208353311
   22.287402337    2.204374776    2.204374771    2.204374774
   22.337484140    2.200414169    2.200414165    2.200414167
   22.387565943    2.196471397    2.196471392    2.196471395
   22.437647746    2.192546363    2.192546359    2.192546361
   22.487729549    2.188638973    2.188638968    2.188638970
   22.537811352    2.184749130    2.184749126    2.184749128
   22.587893155    2.180876742    2.180876738    2.180876740
   22.637974958    2.177021715    2.177021710    2.177021713
   22.688056761    2.173183954    2.173183950    2.173183952
   22.738138564    2.169363368    2.169363363    2.169363366
   22.788220367    2.165559864    2.165559860    2.165559862
   22.838302170    2.161773351    2.161773346    2.161773349
   22.888383973    2.158003737    2.158003733    2.158003735
   22.938465776    2.154250932    2.154250928    2.154250930
   22.988547579    2.150514847    2.150514842    2.150514845
   23.038629382    2.146795390    2.146795386    2.146795388
   23.088711185    2.143092474    2.143092470    2.143092472
   23.138792988    2.139406010    2.139406005    2.139406008
   23.188874791    2.135735909    2.135735905    2.135735907
   23.238956594    2.132082085    2.132082081    2.132082083
   23.289038397    2.128444451    2.128444446    2.128444449
   23.339120200    2.124822919    2.124822914    2.124822917
   23.389202003    2.121217404    2.121217399    2.121217402
   23.439283806    2.117627820    2.117627815    2.117627818
   23.489365609    2.114054082    2.114054078    2.114054080
   23.539447412    2.110496107    2.110496102    2.110496105
   23.589529215    2.106953809    2.106953804    2.106953807
   23.639611018    2.103427106    2.103427101    2.103427103
   23.689692821    2.099915913    2.099915908    2.099915911
   23.739774624    2.096420150    2.096420145    2.096420147
   23.789856427    2.092939732    2.092939728    2.092939730
   23.839938230    2.089474580    2.089474575    2.089474578
   23.890020033    2.086024612    2.086024607    2.086024610
   23.940101836    2.082589746    2.082589742    2.082589744
   23.990183639    2.079169904    2.079169899    2.079169902
   24.040265442    2.075765005    2.075765000    2.075765003
   24.090347245    2.072374969    2.072374964    2.072374967
   24.140429048    2.068999719    2.068999714    2.068999717
   24.190510851    2.065639175    2.065639170    2.065639173
   24.240592654    2.062293261    2.062293256    2.062293259
   24.290674457    2.058961897    2.058961892    2.058961895
   24.340756260    2.055645008    2.055645003    2.055645006
   24.390838063    2.052342517    2.052342512    2.052342515
   24.440919866    2.049054347    2.049054342    2.049054345
   24.491001669    2.045780424    2.045780419    2.045780422
   24.541083472    2.042520671    2.042520666    2.042520669
   24.591165275    2.039275015    2.039275010    2.039275013
   24.641247078    2.036043380    2.036043375    2.036043378
   24.691328881    2.032825693    2.032825688    2.032825691
   24.741410684    2.029621880    2.029621875    2.029621878
   24.791492487    2.026431868    2.026431863    2.026431866
   24.841574290    2.023255586    2.023255581    2.023255584
   24.891656093    2.020092959    2.020092954    2.020092957
   24.941737896    2.016943918    2.016943913    2.016943916
   24.991819699    2.013808389    2.013808384    2.013808387
   25.041901503    2.010686304    2.010686298    2.010686301
   25.091983306    2.007577589    2.007577584    2.007577587
   25.142065109    2.004482177    2.004482172    2.004482175
   25.192146912    2.001399997    2.001399992    2.001399995
   25.242228715    1.998330979    1.998330974    1.998330977
   25.292310518    1.995275056    1.995275050    1.995275053
   25.342392321    1.992232157    1.992232152    1.992232155
   25.392474124    1.989202216    1.989202211    1.989202214
   25.442555927    1.986185165    1.986185159    1.986185163
   25.492637730    1.983180935    1.983180930    1.983180933
   25.542719533    1.980189461    1.980189456    1.980189459
   25.592801336    1.977210676    1.977210671    1.977210674
   25.642883139    1.974244514    1.974244509    1.974244512
   25.692964942    1.971290909    1.971290904    1.971290907
   25.743046745    1.968349795    1.968349790    1.968349793
   25.793128548    1.965421108    1.965421103    1.965421106
   25.843210351    1.962504783    1.962504778    1.962504781
   25.893292154    1.959600756    1.959600751    1.959600754
   25.943373957    1.956708964    1.956708958    1.956708962
   25.993455760    1.953829341    1.953829336    1.953829339
   26.043537563    1.950961826    1.950961821    1.950961824
   26.093619366    1.948106356    1.948106351    1.948106354
   26.143701169    1.945262868    1.945262863    1.945262866
   26.193782972    1.942431301    1.942431296    1.942431299
   26.243864775    1.939611593    1.939611587    1.939611591
   26.293946578    1.936803682    1.936803676    1.936803680
   26.344028381    1.934007507    1.934007502    1.934007505
   26.394110184    1.931223009    1.931223003    1.931223007
   26.444191987    1.928450126    1.928450121    1.928450124
   26.494273790    1.925688799    1.925688794    1.925688797
   26.544355593    1.922938969    1.922938964    1.922938967
   26.594437396    1.920200576    1.920200571    1.920200574
   26.644519199    1.917473562    1.917473557    1.917473560
   26.694601002    1.914757868    1.914757863    1.914757866
   26.744682805    1.912053435    1.912053430    1.912053433
   26.794764608    1.909360207    1.909360202    1.909360205
   26.844846411    1.906678126    1.906678120    1.906678124
   26.894928214    1.904007134    1.904007128    1.904007132
   26.945010017    1.901347174    1.901347169    1.901347172
   26.995091820    1.898698191    1.898698186    1.898698189
   27.045173623    1.896060129    1.896060123    1.896060127
   27.095255426    1.893432930    1.893432925    1.893432928
   27.145337229    1.890816541    1.890816536    1.890816539
   27.195419032    1.888210905    1.888210900    1.888210903
   27.245500835    1.885615969    1.885615963    1.885615967
   27.295582638    1.883031677    1.883031671    1.883031675
   27.345664441    1.880457975    1.880457969    1.880457973
   27.395746244    1.877894809    1.877894804    1.877894807
   27.445828047    1.875342126    1.875342121    1.875342124
   27.495909850    1.872799873    1.872799868    1.872799871
   27.545991653    1.870267997    1.870267991    1.870267995
   27.596073456    1.867746444    1.867746439    1.867746442
   27.646155259    1.865235164    1.865235158    1.865235162
   27.696237062    1.862734102    1.862734097    1.862734100
   27.746318865    1.860243209    1.860243204    1.860243207
   27.796400668    1.857762433    1.857762427    1.857762431
   27.846482471    1.855291721    1.855291716    1.855291719
   27.896564274    1.852831025    1.852831019    1.852831023
   27.946646077    1.850380292    1.850380286    1.850380290
   27.996727880    1.847939473    1.847939467    1.847939471
   28.046809683    1.845508518    1.845508512    1.845508516
   28.096891486    1.843087377    1.843087371    1.843087375
   28.146973289    1.840676001    1.840675995    1.840675999
   28.197055092    1.838274340    1.838274335    1.838274338
   28.247136895    1.835882347    1.835882342    1.835882345
   28.297218698    1.833499972    1.833499967    1.833499970
   28.347300501    1.831127167    1.831127162    1.831127165
   28.397382304    1.828763884    1.828763879    1.828763883
   28.447464107    1.826410076    1.826410071    1.826410074
   28.497545910    1.824065695    1.824065690    1.824065693
   28.547627713    1.821730694    1.821730689    1.821730692
   28.597709516    1.819405026    1.819405021    1.819405025
   28.647791319    1.817088645    1.817088640    1.817088643
   28.697873122    1.814781504    1.814781499    1.814781502
   28.747954925    1.812483557    1.812483552    1.812483555
   28.798036728    1.810194758    1.810194753    1.810194756
   28.848118531    1.807915063    1.807915057    1.807915061
   28.898200334    1.805644424    1.805644419    1.805644422
   28.948282137    1.803382799    1.803382793    1.803382797
   28.998363940    1.801130141    1.801130135    1.801130139
   29.048445743    1.798886406    1.798886401    1.798886404
   29.098527546    1.796651551    1.796651545    1.796651549
   29.148609349    1.794425531    1.794425525    1.794425529
   29.198691152    1.792208302    1.792208296    1.792208300
   29.248772955    1.789999821    1.789999815    1.789999819
   29.298854758    1.787800044    1.787800039    1.787800043
   29.348936561    1.785608930    1.785608924    1.785608928
   29.399018364    1.783426434    1.783426429    1.783426432
   29.449100167    1.781252515    1.781252510    1.781252513
   29.499181970    1.779087130    1.779087125    1.779087128
   29.549263773    1.776930238    1.776930232    1.776930236
   29.599345576    1.774781796    1.774781790    1.774781794
   29.649427379    1.772641763    1.772641757    1.772641761
   29.699509182    1.770510097    1.770510092    1.770510095
   29.749590985    1.768386758    1.768386753    1.768386756
   29.799672788    1.766271705    1.766271700    1.766271703
   29.849754591    1.764164897    1.764164892    1.764164895
   29.899836394    1.762066294    1.762066289    1.762066292
   29.949918197    1.759975856    1.759975851    1.759975854
   30.000000000    1.757893543    1.757893537    1.757893541
