# energy grid [eV]     epsi_x  epsi_y  epsi_z
#
    0.001000000    0.002321224    0.002321225    0.002321224
    0.051081803    0.120145161    0.120145209    0.120145168
    0.101163606    0.247546338    0.247546432    0.247546352
    0.151245409    0.396673365    0.396673503    0.396673385
    0.201327212    0.586760893    0.586761072    0.586760919
    0.251409015    0.853334597    0.853334811    0.853334630
    0.301490818    1.270989689    1.270989925    1.270989727
    0.351572621    2.013625562    2.013625797    2.013625609
    0.401654424    3.471625769    3.471625946    3.471625828
    0.451736227    5.915510877    5.915510839    5.915510873
    0.501818030    7.938102407    7.938102007    7.938102158
    0.551899833    6.335673123    6.335672944    6.335672901
    0.601981636    3.960407320    3.960407569    3.960407262
    0.652063439    2.958720882    2.958721381    2.958720921
    0.702145242    2.814838084    2.814838738    2.814838189
    0.752227045    3.323448332    3.323449122    3.323448517
    0.802308848    4.717583125    4.717584082    4.717583454
    0.852390651    6.843505206    6.843506290    6.843505687
    0.902472454    7.747723406    7.747724206    7.747723714
    0.952554257    9.279047962    9.279048179    9.279047968
    1.002636060   10.821569113   10.821568835   10.821568779
    1.052717863    9.974984559    9.974984463    9.974983984
    1.102799666    9.556512211    9.556512515    9.556511345
    1.152881469   12.063520925   12.063521191   12.063519281
    1.202963272   14.960914474   14.960914802   14.960912282
    1.253045075   16.652389583   16.652391124   16.652388363
    1.303126878   21.662433515   21.662436603   21.662433242
    1.353208681   24.109590948   24.109595036   24.109591166
    1.403290484   19.761540694   19.761544159   19.761540505
    1.453372287   17.188258283   17.188260908   17.188257218
    1.503454090   16.484736344   16.484738012   16.484734656
    1.553535893   16.398765301   16.398766704   16.398763971
    1.603617696   15.774741821   15.774743296   15.774740935
    1.653699499   15.621076348   15.621078053   15.621075501
    1.703781302   16.404851718   16.404853370   16.404850392
    1.753863105   17.984128448   17.984129844   17.984126611
    1.803944908   17.809372037   17.809373103   17.809370197
    1.854026711   17.587226518   17.587227227   17.587224403
    1.904108514   17.870132638   17.870133277   17.870130429
    1.954190317   16.757938432   16.757939743   16.757937537
    2.004272120   15.667640564   15.667642444   15.667640695
    2.054353923   16.009612412   16.009614256   16.009612794
    2.104435726   16.611990374   16.611991844   16.611990710
    2.154517529   16.556354654   16.556356089   16.556354778
    2.204599332   16.407930862   16.407932610   16.407930830
    2.254681135   16.244408125   16.244410372   16.244408103
    2.304762938   13.528944246   13.528946849   13.528944243
    2.354844741   10.595727634   10.595730328   10.595727747
    2.404926544    9.803603695    9.803606434    9.803603828
    2.455008347    9.865496296    9.865499119    9.865496417
    2.505090150    9.773178439    9.773181401    9.773178661
    2.555171953   10.557121306   10.557124383   10.557121585
    2.605253756   11.894709160   11.894712480   11.894709508
    2.655335559   12.489461335   12.489464957   12.489461853
    2.705417362   13.772593205   13.772596881   13.772593822
    2.755499165   14.832150371   14.832154085   14.832151154
    2.805580968   15.709830654   15.709834516   15.709831633
    2.855662771   16.081433070   16.081436934   16.081434106
    2.905744574   16.631931742   16.631935275   16.631932622
    2.955826377   18.268484517   18.268487941   18.268485448
    3.005908180   19.360510225   19.360514071   19.360511286
    3.055989983   19.586808099   19.586812405   19.586809268
    3.106071786   17.935585482   17.935589987   17.935586598
    3.156153589   16.184545289   16.184549820   16.184546160
    3.206235392   16.229541829   16.229546285   16.229542436
    3.256317195   16.897118123   16.897122643   16.897118779
    3.306398998   18.240251027   18.240255578   18.240251808
    3.356480801   19.431681968   19.431686745   19.431683017
    3.406562604   20.646059384   20.646064436   20.646060716
    3.456644407   21.734970566   21.734975818   21.734971956
    3.506726210   24.000411453   24.000416804   24.000412798
    3.556808013   26.494286263   26.494291658   26.494287734
    3.606889816   29.194440536   29.194446081   29.194442141
    3.656971619   30.418807721   30.418813534   30.418809161
    3.707053422   26.952699699   26.952705679   26.952700832
    3.757135225   22.668568586   22.668574695   22.668569636
    3.807217028   21.955506980   21.955513122   21.955508087
    3.857298831   23.213533346   23.213539568   23.213534632
    3.907380634   23.997396952   23.997403405   23.997398499
    3.957462437   22.870848624   22.870855445   22.870850360
    4.007544240   18.419117385   18.419124412   18.419119092
    4.057626043   13.939478227   13.939485214   13.939479817
    4.107707846   11.982870105   11.982877207   11.982871674
    4.157789649   11.000083867   11.000091191   11.000085565
    4.207871452   10.713598433   10.713605911   10.713600222
    4.257953255   10.188122182   10.188129855   10.188123949
    4.308035058    9.500226878    9.500234805    9.500228675
    4.358116861    9.088208383    9.088216610    9.088210266
    4.408198664    9.575963291    9.575971802    9.575965242
    4.458280467   10.411211940   10.411220527   10.411213880
    4.508362270   11.068130327   11.068138968   11.068132203
    4.558444073   11.447814873   11.447823743   11.447816663
    4.608525876   11.478431154   11.478440285   11.478432861
    4.658607679   11.393760785   11.393770158   11.393762510
    4.708689482   11.291802548   11.291812245   11.291804348
    4.758771285   10.826813272   10.826823231   10.826815091
    4.808853088    9.838694311    9.838704493    9.838696151
    4.858934891    9.149240744    9.149251139    9.149242650
    4.909016694    8.852701756    8.852712410    8.852703726
    4.959098497    8.934719090    8.934730041    8.934721071
    5.009180301    9.388220223    9.388231491    9.388222124
    5.059262104    9.034643127    9.034654678    9.034644935
    5.109343907    8.407765809    8.407777643    8.407767658
    5.159425710    7.445434950    7.445447155    7.445437023
    5.209507513    6.687111889    6.687124522    6.687114201
    5.259589316    6.384916553    6.384929558    6.384918974
    5.309671119    6.176983122    6.176996494    6.176985631
    5.359752922    6.051025193    6.051039022    6.051027792
    5.409834725    5.951934218    5.951948529    5.951936884
    5.459916528    5.868968268    5.868983051    5.868971035
    5.509998331    5.834052279    5.834067474    5.834055150
    5.560080134    5.671940976    5.671956567    5.671943955
    5.610161937    5.464129279    5.464145324    5.464132384
    5.660243740    5.498979094    5.498995678    5.498982359
    5.710325543    5.535968033    5.535985173    5.535971438
    5.760407346    5.610989029    5.611006718    5.610992522
    5.810489149    5.321861637    5.321879933    5.321865184
    5.860570952    4.546796687    4.546815697    4.546800334
    5.910652755    4.145309306    4.145329062    4.145313085
    5.960734558    3.982186250    3.982206705    3.982190134
    6.010816361    3.720495638    3.720516751    3.720499609
    6.060898164    3.587719637    3.587741417    3.587723712
    6.110979967    3.615299068    3.615321592    3.615303313
    6.161061770    3.620085280    3.620108592    3.620089719
    6.211143573    3.454827061    3.454851201    3.454831669
    6.261225376    3.110341371    3.110366497    3.110346192
    6.311307179    2.821262684    2.821288828    2.821267743
    6.361388982    2.774927206    2.774954349    2.774932508
    6.411470785    2.803474295    2.803502490    2.803479860
    6.461552588    2.606391125    2.606420447    2.606396913
    6.511634391    2.477834941    2.477865480    2.477840954
    6.561716194    2.372722421    2.372754258    2.372728644
    6.611797997    2.263611032    2.263644250    2.263617484
    6.661879800    2.302241957    2.302276629    2.302248686
    6.711961603    2.543006858    2.543043072    2.543013900
    6.762043406    2.735867174    2.735905079    2.735874562
    6.812125209    2.849013677    2.849053393    2.849021439
    6.862207012    2.962671462    2.962713111    2.962679647
    6.912288815    2.922669343    2.922713075    2.922677964
    6.962370618    2.653915572    2.653961540    2.653924638
    7.012452421    2.446475286    2.446523650    2.446484834
    7.062534224    2.424328956    2.424379854    2.424339034
    7.112616027    2.412981627    2.413035270    2.412992279
    7.162697830    2.199057757    2.199114408    2.199069005
    7.212779633    1.898168269    1.898228010    1.898180108
    7.262861436    1.616840615    1.616903851    1.616853166
    7.312943239    1.420113317    1.420180538    1.420126726
    7.363025042    1.354439693    1.354511225    1.354454018
    7.413106845    1.401184232    1.401260473    1.401199572
    7.463188648    1.453934080    1.454015458    1.453950520
    7.513270451    1.457972880    1.458059901    1.457990510
    7.563352254    1.486647467    1.486740805    1.486666441
    7.613434057    1.534613195    1.534713603    1.534633695
    7.663515860    1.583670681    1.583778995    1.583692897
    7.713597663    1.613571468    1.613688652    1.613595603
    7.763679466    1.686313987    1.686441189    1.686340276
    7.813761269    1.764091326    1.764229905    1.764120034
    7.863843072    1.872160162    1.872311761    1.872191554
    7.913924875    1.938304417    1.938471231    1.938338906
    7.964006678    2.019998273    2.020183261    2.020037291
    8.014088481    2.069082878    2.069288690    2.069127392
    8.064170284    2.129919251    2.130148274    2.129968942
    8.114252087    2.120559101    2.120815420    2.120615036
    8.164333890    1.870820581    1.871109247    1.870884636
    8.214415693    1.664899490    1.665228513    1.664974387
    8.264497496    1.570852725    1.571236418    1.570939907
    8.314579299    1.540488125    1.540943435    1.540588874
    8.364661102    1.464768581    1.465316329    1.464889859
    8.414742905    1.397674870    1.398344975    1.397825001
    8.464824708    1.436676745    1.437516759    1.436863499
    8.514906511    1.479404148    1.480490906    1.479636923
    8.564988314    1.479061342    1.480531374    1.479354297
    8.615070117    1.391450664    1.393572926    1.391824618
    8.665151920    1.267204932    1.270548007    1.267676878
    8.715233723    1.163755929    1.169541928    1.164406440
    8.765315526    1.152501831    1.162231784    1.154606123
    8.815397329    1.184821963    1.197581647    1.190637565
    8.865479132    1.211840017    1.223688953    1.217783645
    8.915560935    1.178079138    1.187219186    1.182077409
    8.965642738    1.146024002    1.153149838    1.148262198
    9.015724541    1.190226471    1.198203022    1.191709106
    9.065806344    1.207907361    1.218737268    1.208729955
    9.115888147    1.141259311    1.152234883    1.139627413
    9.165969950    1.085084098    1.093594525    1.082702977
    9.216051753    1.023827744    1.029880238    1.022991205
    9.266133556    0.980755183    0.986601915    0.981225091
    9.316215359    0.954002827    0.960268593    0.955236722
    9.366297162    0.881916372    0.886551527    0.882814643
    9.416378965    0.804507126    0.808045152    0.805045209
    9.466460768    0.768884784    0.772727895    0.769335363
    9.516542571    0.734702664    0.739837147    0.735219771
    9.566624374    0.703439375    0.707904297    0.703871245
    9.616706177    0.697759672    0.700359122    0.698011860
    9.666787980    0.700338463    0.701904138    0.700492458
    9.716869783    0.710278832    0.711332228    0.710384386
    9.766951586    0.730158401    0.730931762    0.730237853
    9.817033389    0.746460695    0.747067101    0.746524194
    9.867115192    0.746113885    0.746613550    0.746166857
    9.917196995    0.735708927    0.736139239    0.735755516
    9.967278798    0.753704912    0.754090888    0.753747099
   10.017360601    0.777292665    0.777656552    0.777332016
   10.067442404    0.807225341    0.807598882    0.807265122
   10.117524207    0.836215546    0.836660421    0.836256384
   10.167606010    0.831979643    0.832580106    0.831951920
   10.217687813    0.779435939    0.779998902    0.779342570
   10.267769616    0.749592784    0.749977362    0.749557492
   10.317851419    0.714443682    0.714734471    0.714451187
   10.367933222    0.649325328    0.649582538    0.649363167
   10.418015025    0.607294267    0.607541138    0.607352713
   10.468096828    0.568190044    0.568427243    0.568251657
   10.518178631    0.556565593    0.556822706    0.556642248
   10.568260434    0.553380151    0.553715911    0.553502016
   10.618342237    0.533167571    0.533688727    0.533390202
   10.668424040    0.526305981    0.526983272    0.526611949
   10.718505843    0.542423970    0.542895442    0.542615990
   10.768587646    0.554769520    0.555031420    0.554841488
   10.818669449    0.538284593    0.538423936    0.538272105
   10.868751252    0.512940543    0.512973177    0.512827587
   10.918833055    0.486558429    0.486473741    0.486315122
   10.968914858    0.469720447    0.469649750    0.469493700
   11.018996661    0.462284848    0.462307698    0.462159151
   11.069078464    0.455993983    0.456077733    0.455912530
   11.119160267    0.446432263    0.446567477    0.446348749
   11.169242070    0.428216039    0.428429466    0.428082496
   11.219323873    0.419443430    0.419795686    0.419192429
   11.269405676    0.433834365    0.434250788    0.433535947
   11.319487479    0.444481570    0.444771482    0.444323413
   11.369569282    0.433214582    0.433417459    0.433163684
   11.419651085    0.415729058    0.415901338    0.415738540
   11.469732888    0.391104403    0.391276897    0.391158451
   11.519814691    0.384400431    0.384597359    0.384502111
   11.569896494    0.389361106    0.389615489    0.389532155
   11.619978297    0.389160297    0.389534636    0.389454269
   11.670060100    0.368327986    0.368961360    0.368872625
   11.720141903    0.366034718    0.367160612    0.367047958
   11.770223706    0.375635852    0.376955029    0.376833016
   11.820305509    0.374099407    0.374969944    0.374872663
   11.870387312    0.362235273    0.362849818    0.362763470
   11.920469115    0.361788062    0.362426835    0.362327288
   11.970550918    0.379914503    0.380794040    0.380657846
   12.020632721    0.380139248    0.380993231    0.380858735
   12.070714524    0.340680710    0.341187286    0.341098689
   12.120796327    0.306729928    0.307026673    0.306965904
   12.170878130    0.296713946    0.296909393    0.296862225
   12.220959933    0.290326387    0.290469132    0.290429020
   12.271041736    0.285914401    0.286027102    0.285990422
   12.321123539    0.291010706    0.291104842    0.291069973
   12.371205342    0.285095875    0.285178109    0.285144400
   12.421287145    0.272983322    0.273058199    0.273024962
   12.471368948    0.258849453    0.258919951    0.258886041
   12.521450751    0.254818016    0.254886716    0.254851163
   12.571532554    0.254432856    0.254503805    0.254464976
   12.621614357    0.251279910    0.251357677    0.251313141
   12.671696160    0.251570311    0.251661609    0.251607140
   12.721777963    0.249903954    0.250021397    0.249948357
   12.771859766    0.241440347    0.241611034    0.241501618
   12.821941569    0.230809011    0.231095223    0.230908579
   12.872023372    0.214226208    0.214742714    0.214403093
   12.922105175    0.202150763    0.202795471    0.202370434
   12.972186978    0.194558423    0.194967263    0.194698076
   13.022268781    0.201426442    0.201650070    0.201503338
   13.072350584    0.203089976    0.203226476    0.203136890
   13.122432387    0.196172486    0.196266174    0.196204303
   13.172514190    0.189037246    0.189107463    0.189060639
   13.222595993    0.188205548    0.188261984    0.188224088
   13.272677796    0.186640457    0.186688281    0.186655952
   13.322759599    0.181562150    0.181604216    0.181575506
   13.372841402    0.178884571    0.178922642    0.178896479
   13.422923205    0.179596598    0.179631852    0.179607552
   13.473005008    0.187083037    0.187116487    0.187093220
   13.523086811    0.190348553    0.190381529    0.190358194
   13.573168614    0.186025732    0.186059400    0.186035010
   13.623250417    0.170321323    0.170356551    0.170330114
   13.673332220    0.164381524    0.164419642    0.164389871
   13.723414023    0.179047292    0.179091004    0.179055834
   13.773495826    0.196471314    0.196525536    0.196480722
   13.823577629    0.204554982    0.204629445    0.204565751
   13.873659432    0.203502146    0.203617970    0.203516191
   13.923741235    0.198045100    0.198250252    0.198066867
   13.973823038    0.198617064    0.198974721    0.198652346
   14.023904841    0.198635024    0.198994278    0.198670174
   14.073986644    0.196366822    0.196577370    0.196387897
   14.124068447    0.190330954    0.190455636    0.190343614
   14.174150250    0.180976600    0.181055842    0.180985724
   14.224232053    0.168429852    0.168483656    0.168437053
   14.274313856    0.150760897    0.150800597    0.150766699
   14.324395659    0.142184150    0.142215320    0.142189002
   14.374477462    0.142837511    0.142863151    0.142841833
   14.424559265    0.145532335    0.145554119    0.145536301
   14.474641068    0.147861855    0.147880824    0.147865550
   14.524722871    0.145611030    0.145628078    0.145614809
   14.574804674    0.137200802    0.137216479    0.137204804
   14.624886477    0.136967554    0.136982059    0.136971625
   14.674968280    0.138485741    0.138498978    0.138489701
   14.725050083    0.130793503    0.130805595    0.130797424
   14.775131886    0.125119901    0.125130978    0.125123893
   14.825213689    0.124861539    0.124871706    0.124865748
   14.875295492    0.123140517    0.123149846    0.123145197
   14.925377295    0.128120536    0.128128921    0.128126044
   14.975459098    0.135188669    0.135195818    0.135195728
   15.025540902    0.137519188    0.137524502    0.137528948
   15.075622705    0.136305400    0.136307587    0.136320256
   15.125704508    0.132935107    0.132931128    0.132960709
   15.175786311    0.125558129    0.125542481    0.125604813
   15.225868114    0.117081657    0.117059916    0.117139171
   15.275949917    0.114014139    0.114003690    0.114050008
   15.326031720    0.110301315    0.110299452    0.110320720
   15.376113523    0.112558206    0.112560252    0.112569944
   15.426195326    0.118074010    0.118077861    0.118081988
   15.476277129    0.116497714    0.116502462    0.116503639
   15.526358932    0.112064539    0.112069750    0.112069208
   15.576440735    0.110757718    0.110763165    0.110761534
   15.626522538    0.108907031    0.108912596    0.108910261
   15.676604341    0.100981277    0.100986883    0.100984121
   15.726686144    0.092775459    0.092781041    0.092778020
   15.776767947    0.087062133    0.087067636    0.087064425
   15.826849750    0.084595146    0.084600531    0.084597188
   15.876931553    0.082356053    0.082361320    0.082357903
   15.927013356    0.077881851    0.077887007    0.077883541
   15.977095159    0.070841640    0.070846659    0.070843124
   16.027176962    0.069139161    0.069144003    0.069140417
   16.077258765    0.071876837    0.071881464    0.071877846
   16.127340568    0.076256530    0.076260887    0.076257244
   16.177422371    0.081832743    0.081836775    0.081833109
   16.227504174    0.082967164    0.082970675    0.082966971
   16.277585977    0.080774073    0.080776779    0.080772944
   16.327667780    0.078241503    0.078242775    0.078238670
   16.377749583    0.076134584    0.076132930    0.076128255
   16.427831386    0.073637629    0.073629906    0.073624012
   16.477913189    0.070389768    0.070375925    0.070368817
   16.527994992    0.066227736    0.066219204    0.066213266
   16.578076795    0.061782402    0.061780178    0.061775593
   16.628158598    0.057695224    0.057696071    0.057692152
   16.678240401    0.054072592    0.054074898    0.054071314
   16.728322204    0.051055551    0.051058582    0.051055197
   16.778404007    0.049033401    0.049036841    0.049033592
   16.828485810    0.045625082    0.045628787    0.045625638
   16.878567613    0.042819710    0.042823613    0.042820534
   16.928649416    0.041999717    0.042003779    0.042000762
   16.978731219    0.040010679    0.040014893    0.040011928
   17.028813022    0.038759072    0.038763453    0.038760528
   17.078894825    0.038469045    0.038473625    0.038470743
   17.128976628    0.040762665    0.040767442    0.040764618
   17.179058431    0.041788354    0.041793328    0.041790548
   17.229140234    0.039773058    0.039778314    0.039775550
   17.279222037    0.036342305    0.036348047    0.036345263
   17.329303840    0.035365740    0.035372212    0.035369387
   17.379385643    0.036182525    0.036190122    0.036187254
   17.429467446    0.036576993    0.036586465    0.036583540
   17.479549249    0.034921630    0.034934438    0.034931383
   17.529631052    0.033446484    0.033465866    0.033462490
   17.579712855    0.032334177    0.032367714    0.032363569
   17.629794658    0.032915363    0.032974542    0.032968983
   17.679876461    0.032494503    0.032558127    0.032552342
   17.729958264    0.031536974    0.031574566    0.031570259
   17.780040067    0.030559825    0.030580970    0.030577587
   17.830121870    0.028336934    0.028350425    0.028347473
   17.880203673    0.025929327    0.025938982    0.025936284
   17.930285476    0.025104890    0.025112412    0.025109870
   17.980367279    0.024590426    0.024596639    0.024594214
   18.030449082    0.023753650    0.023759001    0.023756673
   18.080530885    0.021877239    0.021881991    0.021879748
   18.130612688    0.020838324    0.020842638    0.020840463
   18.180694491    0.021089765    0.021093745    0.021091623
   18.230776294    0.021177721    0.021181442    0.021179366
   18.280858097    0.019949432    0.019952961    0.019950900
   18.330939900    0.017541424    0.017544790    0.017542748
   18.381021703    0.016415490    0.016418722    0.016416697
   18.431103506    0.016706012    0.016709140    0.016707123
   18.481185309    0.017431186    0.017434217    0.017432202
   18.531267112    0.018383018    0.018385955    0.018383954
   18.581348915    0.019885291    0.019888136    0.019886180
   18.631430718    0.019681156    0.019683930    0.019682012
   18.681512521    0.017707769    0.017710503    0.017708604
   18.731594324    0.017132952    0.017135647    0.017133761
   18.781676127    0.017482270    0.017484928    0.017483054
   18.831757930    0.017424842    0.017427472    0.017425609
   18.881839733    0.016724304    0.016726915    0.016725061
   18.931921536    0.016302914    0.016305523    0.016303664
   18.982003339    0.016542932    0.016545559    0.016543669
   19.032085142    0.015756334    0.015759022    0.015757046
   19.082166945    0.014979003    0.014981855    0.014979686
   19.132248748    0.014987281    0.014990313    0.014987946
   19.182330551    0.016005968    0.016008813    0.016006625
   19.232412354    0.017290181    0.017292820    0.017290861
   19.282494157    0.017248593    0.017251133    0.017249279
   19.332575960    0.015930290    0.015932804    0.015930985
   19.382657763    0.015202097    0.015204642    0.015202830
   19.432739566    0.013846990    0.013849561    0.013847725
   19.482821369    0.012447686    0.012450303    0.012448414
   19.532903172    0.011585521    0.011588231    0.011586266
   19.582984975    0.010951990    0.010954856    0.010952770
   19.633066778    0.010374763    0.010377896    0.010375618
   19.683148581    0.009681797    0.009685366    0.009682765
   19.733230384    0.009067332    0.009071661    0.009068477
   19.783312187    0.008679814    0.008685653    0.008681303
   19.833393990    0.008481146    0.008490205    0.008483344
   19.883475793    0.008422610    0.008438000    0.008426184
   19.933557596    0.008362473    0.008381247    0.008366989
   19.983639399    0.008511025    0.008523574    0.008514836
   20.033721202    0.008573923    0.008581937    0.008577921
   20.083803005    0.008586087    0.008592575    0.008591646
   20.133884808    0.008406669    0.008412328    0.008412104
   20.183966611    0.008093729    0.008097903    0.008096946
   20.234048414    0.007864134    0.007867328    0.007865971
   20.284130217    0.007524037    0.007526694    0.007525165
   20.334212020    0.007330000    0.007332298    0.007330645
   20.384293823    0.007165129    0.007167128    0.007165280
   20.434375626    0.006920980    0.006922700    0.006920508
   20.484457429    0.006851399    0.006853086    0.006850805
   20.534539232    0.006778663    0.006780442    0.006778562
   20.584621035    0.006858280    0.006860072    0.006858482
   20.634702838    0.006930746    0.006932533    0.006931083
   20.684784641    0.006813730    0.006815525    0.006814143
   20.734866444    0.006844924    0.006846753    0.006845406
   20.784948247    0.006709159    0.006711040    0.006709733
   20.835030050    0.006414458    0.006416461    0.006415201
   20.885111853    0.006052401    0.006054709    0.006053485
   20.935193656    0.005572705    0.005575576    0.005574412
   20.985275459    0.005257234    0.005260099    0.005259138
   21.035357262    0.005164588    0.005166426    0.005165879
   21.085439065    0.005179414    0.005180566    0.005180284
   21.135520868    0.005021934    0.005023162    0.005022580
   21.185602671    0.004800499    0.004801867    0.004801031
   21.235684474    0.004650788    0.004652208    0.004651255
   21.285766277    0.004577700    0.004579136    0.004578127
   21.335848080    0.004505600    0.004507036    0.004506002
   21.385929883    0.004453621    0.004455051    0.004454005
   21.436011686    0.004289109    0.004290519    0.004289470
   21.486093489    0.004140063    0.004141442    0.004140409
   21.536175292    0.004070731    0.004072085    0.004071067
   21.586257095    0.004002487    0.004003820    0.004002813
   21.636338898    0.003930656    0.003931967    0.003930972
   21.686420701    0.003866218    0.003867507    0.003866523
   21.736502504    0.003804201    0.003805474    0.003804504
   21.786584307    0.003751295    0.003752554    0.003751596
   21.836666110    0.003675654    0.003676903    0.003675950
   21.886747913    0.003614874    0.003616112    0.003615165
   21.936829716    0.003569935    0.003571161    0.003570221
   21.986911519    0.003530241    0.003531456    0.003530523
   22.036993322    0.003492561    0.003493764    0.003492840
   22.087075125    0.003459438    0.003460630    0.003459713
   22.137156928    0.003429416    0.003430595    0.003429687
   22.187238731    0.003401363    0.003402531    0.003401631
   22.237320534    0.003374723    0.003375880    0.003374988
   22.287402337    0.003349203    0.003350349    0.003349464
   22.337484140    0.003324628    0.003325762    0.003324886
   22.387565943    0.003300885    0.003302008    0.003301140
   22.437647746    0.003277897    0.003279010    0.003278149
   22.487729549    0.003255611    0.003256713    0.003255860
   22.537811352    0.003233984    0.003235076    0.003234230
   22.587893155    0.003212987    0.003214069    0.003213231
   22.637974958    0.003192598    0.003193669    0.003192839
   22.688056761    0.003172800    0.003173861    0.003173038
   22.738138564    0.003153580    0.003154631    0.003153815
   22.788220367    0.003134930    0.003135972    0.003135163
   22.838302170    0.003116846    0.003117878    0.003117076
   22.888383973    0.003099326    0.003100349    0.003099554
   22.938465776    0.003082371    0.003083384    0.003082596
   22.988547579    0.003065985    0.003066989    0.003066207
   23.038629382    0.003050174    0.003051169    0.003050395
   23.088711185    0.003034949    0.003035936    0.003035167
   23.138792988    0.003020322    0.003021300    0.003020538
   23.188874791    0.003006309    0.003007278    0.003006523
   23.238956594    0.002992930    0.002993890    0.002993141
   23.289038397    0.002980208    0.002981160    0.002980417
   23.339120200    0.002968172    0.002969115    0.002968379
   23.389202003    0.002956856    0.002957791    0.002957061
   23.439283806    0.002946301    0.002947229    0.002946504
   23.489365609    0.002936556    0.002937476    0.002936757
   23.539447412    0.002927681    0.002928592    0.002927880
   23.589529215    0.002919745    0.002920649    0.002919942
   23.639611018    0.002912838    0.002913734    0.002913033
   23.689692821    0.002907066    0.002907954    0.002907259
   23.739774624    0.002902565    0.002903446    0.002902756
   23.789856427    0.002899507    0.002900380    0.002899697
   23.839938230    0.002898116    0.002898982    0.002898304
   23.890020033    0.002898688    0.002899547    0.002898874
   23.940101836    0.002901629    0.002902480    0.002901813
   23.990183639    0.002907507    0.002908352    0.002907690
   24.040265442    0.002917157    0.002917995    0.002917338
   24.090347245    0.002931857    0.002932687    0.002932036
   24.140429048    0.002953677    0.002954501    0.002953854
   24.190510851    0.002986225    0.002987043    0.002986401
   24.240592654    0.003036355    0.003037165    0.003036529
   24.290674457    0.003118475    0.003119278    0.003118647
   24.340756260    0.003265109    0.003265906    0.003265279
   24.390838063    0.003533109    0.003533900    0.003533278
   24.440919866    0.003895029    0.003895813    0.003895196
   24.491001669    0.004157896    0.004158674    0.004158062
   24.541083472    0.004395830    0.004396602    0.004395995
   24.591165275    0.004940532    0.004941298    0.004940696
   24.641247078    0.005314730    0.005315490    0.005314892
   24.691328881    0.005203450    0.005204203    0.005203610
   24.741410684    0.004905058    0.004905806    0.004905217
   24.791492487    0.004717084    0.004717826    0.004717241
   24.841574290    0.004370818    0.004371554    0.004370974
   24.891656093    0.004214601    0.004215331    0.004214755
   24.941737896    0.004238703    0.004239427    0.004238855
   24.991819699    0.004389552    0.004390271    0.004389703
   25.041901503    0.004666056    0.004666769    0.004666206
   25.091983306    0.005034776    0.005035483    0.005034925
   25.142065109    0.005414843    0.005415544    0.005414990
   25.192146912    0.006014873    0.006015568    0.006015019
   25.242228715    0.006888302    0.006888992    0.006888447
   25.292310518    0.007690503    0.007691188    0.007690647
   25.342392321    0.007992663    0.007993343    0.007992806
   25.392474124    0.008290942    0.008291617    0.008291085
   25.442555927    0.008604863    0.008605534    0.008605005
   25.492637730    0.009427525    0.009428193    0.009427667
   25.542719533    0.010292459    0.010293122    0.010292599
   25.592801336    0.011588027    0.011588684    0.011588164
   25.642883139    0.013660685    0.013661336    0.013660821
   25.692964942    0.015364669    0.015365315    0.015364803
   25.743046745    0.016702477    0.016703118    0.016702611
   25.793128548    0.017947267    0.017947903    0.017947400
   25.843210351    0.019252734    0.019253364    0.019252865
   25.893292154    0.021418463    0.021419088    0.021418591
   25.943373957    0.022813208    0.022813829    0.022813337
   25.993455760    0.023035153    0.023035770    0.023035280
   26.043537563    0.023575862    0.023576472    0.023575985
   26.093619366    0.024707064    0.024707669    0.024707185
   26.143701169    0.027115207    0.027115808    0.027115327
   26.193782972    0.030020925    0.030021520    0.030021043
   26.243864775    0.033838913    0.033839503    0.033839028
   26.293946578    0.036809514    0.036810098    0.036809625
   26.344028381    0.038366112    0.038366691    0.038366222
   26.394110184    0.038720628    0.038721204    0.038720738
   26.444191987    0.039185881    0.039186452    0.039185990
   26.494273790    0.040181355    0.040181918    0.040181463
   26.544355593    0.042183616    0.042184171    0.042183719
   26.594437396    0.044006032    0.044006585    0.044006135
   26.644519199    0.042404700    0.042405252    0.042404802
   26.694601002    0.039515937    0.039516488    0.039516040
   26.744682805    0.037003004    0.037003549    0.037003107
   26.794764608    0.035001390    0.035001931    0.035001493
   26.844846411    0.034211706    0.034212246    0.034211809
   26.894928214    0.032750161    0.032750699    0.032750266
   26.945010017    0.031803585    0.031804118    0.031803690
   26.995091820    0.030935416    0.030935945    0.030935522
   27.045173623    0.030458588    0.030459113    0.030458694
   27.095255426    0.029803645    0.029804165    0.029803750
   27.145337229    0.030250003    0.030250518    0.030250107
   27.195419032    0.031305735    0.031306246    0.031305836
   27.245500835    0.031431992    0.031432501    0.031432093
   27.295582638    0.031418823    0.031419328    0.031418923
   27.345664441    0.031484164    0.031484666    0.031484261
   27.395746244    0.032583278    0.032583775    0.032583373
   27.445828047    0.034596069    0.034596562    0.034596164
   27.495909850    0.038530305    0.038530794    0.038530399
   27.545991653    0.038379849    0.038380336    0.038379943
   27.596073456    0.033949757    0.033950239    0.033949849
   27.646155259    0.032062432    0.032062912    0.032062524
   27.696237062    0.032602702    0.032603179    0.032602794
   27.746318865    0.032034337    0.032034810    0.032034428
   27.796400668    0.030013754    0.030014222    0.030013843
   27.846482471    0.029769700    0.029770163    0.029769787
   27.896564274    0.031300783    0.031301242    0.031300868
   27.946646077    0.033133097    0.033133554    0.033133182
   27.996727880    0.035820729    0.035821183    0.035820814
   28.046809683    0.039906722    0.039907174    0.039906809
   28.096891486    0.043663389    0.043663836    0.043663476
   28.146973289    0.045603821    0.045604263    0.045603905
   28.197055092    0.049323127    0.049323564    0.049323207
   28.247136895    0.053268846    0.053269276    0.053268923
   28.297218698    0.052674647    0.052675074    0.052674723
   28.347300501    0.050565885    0.050566312    0.050565961
   28.397382304    0.049737134    0.049737559    0.049737208
   28.447464107    0.047894057    0.047894479    0.047894129
   28.497545910    0.044230492    0.044230911    0.044230562
   28.547627713    0.041004048    0.041004463    0.041004117
   28.597709516    0.040715989    0.040716402    0.040716059
   28.647791319    0.040800459    0.040800870    0.040800531
   28.697873122    0.039967266    0.039967674    0.039967340
   28.747954925    0.041501855    0.041502260    0.041501930
   28.798036728    0.043140480    0.043140882    0.043140554
   28.848118531    0.043133418    0.043133816    0.043133491
   28.898200334    0.044883704    0.044884097    0.044883777
   28.948282137    0.047611141    0.047611528    0.047611215
   28.998363940    0.046295663    0.046296046    0.046295735
   29.048445743    0.042580616    0.042580997    0.042580686
   29.098527546    0.039595186    0.039595560    0.039595252
   29.148609349    0.037706311    0.037706678    0.037706373
   29.198691152    0.036473970    0.036474334    0.036474031
   29.248772955    0.036695844    0.036696206    0.036695903
   29.298854758    0.037352438    0.037352798    0.037352495
   29.348936561    0.039191136    0.039191492    0.039191191
   29.399018364    0.043684023    0.043684372    0.043684076
   29.449100167    0.048923476    0.048923822    0.048923529
   29.499181970    0.051936097    0.051936440    0.051936149
   29.549263773    0.053379394    0.053379734    0.053379444
   29.599345576    0.055262721    0.055263057    0.055262767
   29.649427379    0.056234688    0.056235021    0.056234732
   29.699509182    0.055753268    0.055753599    0.055753313
   29.749590985    0.055132328    0.055132655    0.055132375
   29.799672788    0.053327117    0.053327441    0.053327165
   29.849754591    0.051555237    0.051555560    0.051555284
   29.899836394    0.048674989    0.048675308    0.048675035
   29.949918197    0.045949768    0.045950082    0.045949815
   30.000000000    0.044136108    0.044136420    0.044136154
