# energy grid [eV]     epsr_x  epsr_y  epsr_z
#
    0.001000000*********************************************
    0.051081803   -7.746416791   -8.639502094   -9.407328045
    0.101163606   15.173040219   14.945798657   14.749651246
    0.151245409   19.683667187   19.582347521   19.494313713
    0.201327212   21.500546394   21.443637611   21.393733813
    0.251409015   22.624546419   22.588276729   22.556092962
    0.301490818   23.580520355   23.555490292   23.532956343
    0.351572621   24.557549205   24.539308015   24.522602530
    0.401654424   25.454962929   25.441133571   25.428215626
    0.451736227   25.322642327   25.311840704   25.301521780
    0.501818030   22.824003798   22.815370004   22.806911215
    0.551899833   19.848730697   19.841702290   19.834620403
    0.601981636   20.089767592   20.083960611   20.077926580
    0.652063439   21.434497774   21.429641733   21.424423489
    0.702145242   22.926086862   22.921985745   22.917414934
    0.752227045   24.484178764   24.480686997   24.476638553
    0.802308848   25.921903475   25.918910633   25.915289716
    0.852390651   26.165610305   26.163030964   26.159764342
    0.902472454   25.757329780   25.755097045   25.752127258
    0.952554257   26.141386033   26.139447130   26.136728324
    1.002636060   24.639623334   24.637936066   24.635430979
    1.052717863   23.702408856   23.700938550   23.698617158
    1.102799666   25.401575487   25.400292979   25.398130986
    1.152881469   27.278197553   27.277078988   27.275056198
    1.202963272   26.332543949   26.331570204   26.329669863
    1.253045075   26.434653499   26.433807625   26.432015128
    1.303126878   25.260724021   25.259990785   25.258293748
    1.353208681   18.087693171   18.087059107   18.085447761
    1.403290484   14.047396019   14.046850919   14.045315898
    1.453372287   14.246783182   14.246318799   14.244852210
    1.503454090   14.812444714   14.812053938   14.810649079
    1.553535893   14.496740676   14.496417055   14.495067560
    1.603617696   14.365919860   14.365657204   14.364357349
    1.653699499   14.806510431   14.806303139   14.805048314
    1.703781302   15.331412830   15.331256060   15.330042582
    1.753863105   14.418021308   14.417911026   14.416735761
    1.803944908   12.662192382   12.662125145   12.660984719
    1.854026711   12.228082697   12.228055424   12.226946585
    1.904108514   10.993800171   10.993810380   10.992730946
    1.954190317    9.740569482    9.740614289    9.739561835
    2.004272120   10.034795416   10.034871714   10.033843525
    2.054353923   10.450067815   10.450173304   10.449167567
    2.104435726    9.818198477    9.818331761    9.817346438
    2.154517529    8.707983482    8.708143167    8.707176511
    2.204599332    7.990255601    7.990440057    7.989490995
    2.254681135    6.102928846    6.103136352    6.102203802
    2.304762938    4.398534931    4.398763868    4.397846988
    2.354844741    5.642997392    5.643246615    5.642344166
    2.404926544    7.837154428    7.837422961    7.836533750
    2.455008347    9.069726380    9.070013321    9.069136414
    2.505090150   10.345230027   10.345534434   10.344668997
    2.555171953   11.906781264   11.907102329   11.906247444
    2.605253756   12.266643175   12.266980171   12.266135151
    2.655335559   12.726588248   12.726940246   12.726104526
    2.705417362   12.945938185   12.946304476   12.945477443
    2.755499165   12.804825455   12.805205625   12.804386498
    2.805580968   12.199942366   12.200335820   12.199523967
    2.855662771   11.797353860   11.797759910   11.796954822
    2.905744574   12.006718507   12.007136939   12.006338067
    2.955826377   11.624339555   11.624770401   11.623976949
    3.005908180   10.141371446   10.141814249   10.141025722
    3.055989983    8.081950304    8.082404197    8.081620521
    3.106071786    6.436858428    6.437322998    6.436543833
    3.156153589    7.253909959    7.254384902    7.253609910
    3.206235392    8.569283099    8.569768356    8.568997325
    3.256317195    9.512770299    9.513265658    9.512498232
    3.306398998    9.938793553    9.939298837    9.938534563
    3.356480801    9.825293638    9.825808679    9.825047108
    3.406562604    9.537337192    9.537861616    9.537102401
    3.456644407    9.432818997    9.433352560    9.432595368
    3.506726210    9.236869021    9.237411543    9.236656299
    3.556808013    7.729062882    7.729614339    7.728860693
    3.606889816    4.941994103    4.942554438    4.941801828
    3.656971619   -0.465328272   -0.464759275   -0.465511050
    3.707053422   -5.465686951   -5.465109477   -5.465860263
    3.757135225   -5.556479878   -5.555894019   -5.556643868
    3.807217028   -3.941744571   -3.941150348   -3.941899584
    3.857298831   -4.453555884   -4.452953231   -4.453702257
    3.907380634   -6.884843480   -6.884232409   -6.884981616
    3.957462437  -10.891710296  -10.891091025  -10.891840678
    4.007544240  -13.645386933  -13.644759713  -13.645509796
    4.057626043  -12.575535135  -12.574899813  -12.575650554
    4.107707846  -10.508670740  -10.508027147  -10.508778810
    4.157789649   -8.990750811   -8.990099042   -8.990851772
    4.207871452   -7.900943978   -7.900284063   -7.901038185
    4.257953255   -7.387162057   -7.386493910   -7.387249643
    4.308035058   -6.626966748   -6.626290380   -6.627047812
    4.358116861   -5.418282237   -5.417597661   -5.418356991
    4.408198664   -4.250723029   -4.250030342   -4.250791700
    4.458280467   -3.862848228   -3.862147389   -3.862910971
    4.508362270   -4.020246307   -4.019537039   -4.020303234
    4.558444073   -4.475103460   -4.474385652   -4.475154629
    4.608525876   -4.968865929   -4.968139608   -4.968911396
    4.658607679   -5.415215142   -5.414480200   -5.415254968
    4.708689482   -5.909413757   -5.908670136   -5.909448131
    4.758771285   -6.647242470   -6.646490157   -6.647271523
    4.808853088   -6.920490530   -6.919729365   -6.920514313
    4.858934891   -6.555955442   -6.555185283   -6.555974053
    4.909016694   -6.225771697   -6.224992365   -6.225785263
    4.959098497   -5.801548967   -5.800760358   -5.801557606
    5.009180301   -6.187544557   -6.186746534   -6.187548283
    5.059262104   -6.902336306   -6.901528747   -6.902335061
    5.109343907   -7.330224269   -7.329406930   -7.330217984
    5.159425710   -7.482169747   -7.481342436   -7.482158556
    5.209507513   -7.022362831   -7.021525434   -7.022346962
    5.259589316   -6.591404263   -6.590556626   -6.591383804
    5.309671119   -6.272999676   -6.272141525   -6.272974613
    5.359752922   -6.030511388   -6.029642496   -6.030481754
    5.409834725   -5.849586758   -5.848706963   -5.849552564
    5.459916528   -5.709500737   -5.708609834   -5.709461982
    5.509998331   -5.658788486   -5.657886232   -5.658745203
    5.560080134   -5.677681966   -5.676768015   -5.677634163
    5.610161937   -5.521665497   -5.520739505   -5.521613168
    5.660243740   -5.382631248   -5.381692927   -5.382574432
    5.710325543   -5.420633898   -5.419682975   -5.420572626
    5.760407346   -5.617961565   -5.616997691   -5.617895851
    5.810489149   -6.149103776   -6.148126551   -6.149033541
    5.860570952   -6.185465952   -6.184475038   -6.185391138
    5.910652755   -5.803874777   -5.802869878   -5.803795389
    5.960734558   -5.612665719   -5.611646475   -5.612581741
    6.010816361   -5.428998200   -5.427964145   -5.428909560
    6.060898164   -5.128053285   -5.127003901   -5.127959900
    6.110979967   -4.948649566   -4.947584322   -4.948551363
    6.161061770   -4.964504135   -4.963422540   -4.964401114
    6.211143573   -5.042889131   -5.041790578   -5.042781216
    6.261225376   -5.021150442   -5.020034370   -5.021037541
    6.311307179   -4.739259389   -4.738125299   -4.739141454
    6.361388982   -4.438282458   -4.437129696   -4.438159408
    6.411470785   -4.373540067   -4.372367918   -4.373411838
    6.461552588   -4.307516527   -4.306324245   -4.307383027
    6.511634391   -4.103233997   -4.102020814   -4.103095083
    6.561716194   -3.936381355   -3.935146465   -3.936236894
    6.611797997   -3.676946741   -3.675689282   -3.676796537
    6.661879800   -3.350084274   -3.348803327   -3.349928165
    6.711961603   -3.146081813   -3.144776358   -3.145919628
    6.762043406   -3.162422595   -3.161091568   -3.162254161
    6.812125209   -3.203846918   -3.202489219   -3.203672032
    6.862207012   -3.327450208   -3.326064628   -3.327268667
    6.912288815   -3.585569225   -3.584154476   -3.585380824
    6.962370618   -3.696259272   -3.694813970   -3.696063739
    7.012452421   -3.602216828   -3.600739501   -3.602013870
    7.062534224   -3.501910098   -3.500399123   -3.501699408
    7.112616027   -3.589688667   -3.588142247   -3.589469922
    7.162697830   -3.716699956   -3.715116244   -3.716472798
    7.212779633   -3.683807625   -3.682184544   -3.683571616
    7.262861436   -3.531873332   -3.530208401   -3.531627924
    7.312943239   -3.262300711   -3.260591608   -3.262045469
    7.363025042   -2.979838385   -2.978082512   -2.979572795
    7.413106845   -2.743649762   -2.741844205   -2.743373231
    7.463188648   -2.629390182   -2.627531733   -2.629102069
    7.513270451   -2.506299901   -2.504384942   -2.505999439
    7.563352254   -2.386263425   -2.384287973   -2.385949764
    7.613434057   -2.271832888   -2.269792584   -2.271505102
    7.663515860   -2.207742356   -2.205632329   -2.207399418
    7.713597663   -2.112489334   -2.110304098   -2.112130072
    7.763679466   -2.043800038   -2.041533405   -2.043423114
    7.813761269   -1.974390472   -1.972035419   -1.973994337
    7.863843072   -1.970049243   -1.967597725   -1.969632076
    7.913924875   -1.988566255   -1.986008969   -1.988125598
    7.964006678   -2.019695665   -2.017022465   -2.019228970
    8.014088481   -2.094969718   -2.092169403   -2.094475377
    8.064170284   -2.184039909   -2.181098109   -2.183514835
    8.114252087   -2.416606991   -2.413506113   -2.416046463
    8.164333890   -2.551967161   -2.548685876   -2.551366288
    8.214415693   -2.485047457   -2.481558300   -2.484400950
    8.264497496   -2.377909184   -2.374180202   -2.377211764
    8.314579299   -2.315310200   -2.311306138   -2.314551440
    8.364661102   -2.293751125   -2.289425337   -2.292917633
    8.414742905   -2.177387647   -2.172678694   -2.176468350
    8.464824708   -2.096745841   -2.091570199   -2.095724165
    8.514906511   -2.087369315   -2.081614259   -2.086222278
    8.564988314   -2.148778292   -2.142282912   -2.147468313
    8.615070117   -2.191919571   -2.184464439   -2.190390158
    8.665151920   -2.178137654   -2.169474724   -2.176273523
    8.715233723   -2.073764555   -2.063963438   -2.071183015
    8.765315526   -1.957338815   -1.948132841   -1.953267758
    8.815397329   -1.891240276   -1.885862582   -1.888475633
    8.865479132   -1.885500956   -1.884441259   -1.886576365
    8.915560935   -1.886502477   -1.887322648   -1.889489688
    8.965642738   -1.832665600   -1.832433747   -1.835784282
    9.015724541   -1.789295126   -1.787388290   -1.792192396
    9.065806344   -1.845520160   -1.844674456   -1.848989392
    9.115888147   -1.878352582   -1.881149136   -1.881671079
    9.165969950   -1.864227340   -1.869318608   -1.864652695
    9.216051753   -1.850095768   -1.854669318   -1.849200709
    9.266133556   -1.810996339   -1.814480611   -1.810104605
    9.316215359   -1.796917333   -1.801283782   -1.796868490
    9.366297162   -1.795790777   -1.800884802   -1.796446231
    9.416378965   -1.733789849   -1.737943226   -1.734468783
    9.466460768   -1.667047793   -1.670190039   -1.667616442
    9.516542571   -1.612195309   -1.615819967   -1.612779279
    9.566624374   -1.542003174   -1.547652061   -1.542744394
    9.616706177   -1.472513260   -1.478334963   -1.473248126
    9.666787980   -1.414312001   -1.419482402   -1.414971630
    9.716869783   -1.361182557   -1.365719752   -1.361771530
    9.766951586   -1.322920485   -1.326941663   -1.323452505
    9.817033389   -1.299927458   -1.303531812   -1.300413411
    9.867115192   -1.287047809   -1.290308168   -1.287495142
    9.917196995   -1.253556830   -1.256525615   -1.253971659
    9.967278798   -1.212213659   -1.214929229   -1.212601616
   10.017360601   -1.196066367   -1.198553103   -1.196431717
   10.067442404   -1.185568738   -1.187842355   -1.185917389
   10.117524207   -1.208022846   -1.210108251   -1.208375940
   10.167606010   -1.256026965   -1.258055921   -1.256404248
   10.217687813   -1.280159263   -1.282313710   -1.280416554
   10.267769616   -1.268089909   -1.270184733   -1.268271953
   10.317851419   -1.287115168   -1.289063596   -1.287277491
   10.367933222   -1.270317942   -1.272124950   -1.270470415
   10.418015025   -1.235732628   -1.237423654   -1.235887350
   10.468096828   -1.194579584   -1.196154490   -1.194726720
   10.518178631   -1.140614252   -1.142060049   -1.140735987
   10.568260434   -1.118227252   -1.119546088   -1.118320289
   10.618342237   -1.087445910   -1.088709194   -1.087545825
   10.668424040   -1.045599008   -1.047080078   -1.045851465
   10.718505843   -1.014726803   -1.016407641   -1.015122040
   10.768587646   -1.013564292   -1.015197976   -1.013971396
   10.818669449   -1.020700075   -1.022240193   -1.021097567
   10.868751252   -1.008766165   -1.010212330   -1.009148267
   10.918833055   -0.988886763   -0.990174505   -0.989169203
   10.968914858   -0.956967702   -0.958027500   -0.957063667
   11.018996661   -0.932406300   -0.933349849   -0.932452091
   11.069078464   -0.910425080   -0.911301529   -0.910486479
   11.119160267   -0.894740702   -0.895548682   -0.894826568
   11.169242070   -0.873403520   -0.874140841   -0.873507456
   11.219323873   -0.834788859   -0.835512142   -0.834846989
   11.269405676   -0.808717270   -0.809586324   -0.808564867
   11.319487479   -0.805397568   -0.806323831   -0.805110666
   11.369569282   -0.807070542   -0.807925462   -0.806763704
   11.419651085   -0.799515813   -0.800275700   -0.799198148
   11.469732888   -0.778756334   -0.779416464   -0.778412410
   11.519814691   -0.745735037   -0.746286721   -0.745344142
   11.569896494   -0.725848556   -0.726275526   -0.725386280
   11.619978297   -0.720484292   -0.720765196   -0.719924349
   11.670060100   -0.706696219   -0.706835871   -0.706038583
   11.720141903   -0.674856194   -0.675083290   -0.674313422
   11.770223706   -0.659763929   -0.660650194   -0.659873201
   11.820305509   -0.658095769   -0.659282584   -0.658516605
   11.870387312   -0.644965016   -0.646016895   -0.645286050
   11.920469115   -0.622139699   -0.623017766   -0.622322429
   11.970550918   -0.615016279   -0.615938081   -0.615249229
   12.020632721   -0.638804000   -0.640123785   -0.639394642
   12.070714524   -0.648700589   -0.650125655   -0.649395992
   12.120796327   -0.621711334   -0.623035462   -0.622333134
   12.170878130   -0.592471473   -0.593683577   -0.593010089
   12.220959933   -0.572520923   -0.573639745   -0.572993014
   12.271041736   -0.549155047   -0.550197769   -0.549575377
   12.321123539   -0.535415706   -0.536394530   -0.535794472
   12.371205342   -0.531436086   -0.532359230   -0.531780458
   12.421287145   -0.520944432   -0.521817459   -0.521260035
   12.471368948   -0.504015107   -0.504841778   -0.504305914
   12.521450751   -0.481587326   -0.482368606   -0.481855019
   12.571532554   -0.467062737   -0.467798322   -0.467308565
   12.621614357   -0.453780319   -0.454468804   -0.454005226
   12.671696160   -0.441369823   -0.442007129   -0.441573698
   12.721777963   -0.435827219   -0.436405865   -0.436008265
   12.771859766   -0.429581760   -0.430091894   -0.429736801
   12.821941569   -0.423096529   -0.423538904   -0.423226220
   12.872023372   -0.410103225   -0.410574088   -0.410240622
   12.922105175   -0.390187293   -0.390983599   -0.390433130
   12.972186978   -0.365212607   -0.366217019   -0.365527444
   13.022268781   -0.344845416   -0.345819119   -0.345149130
   13.072350584   -0.338005562   -0.338912211   -0.338286191
   13.122432387   -0.328773078   -0.329621813   -0.329033611
   13.172514190   -0.313517464   -0.314319395   -0.313761619
   13.222595993   -0.296979072   -0.297742385   -0.297209776
   13.272677796   -0.286434858   -0.287165615   -0.286654518
   13.322759599   -0.272726861   -0.273429240   -0.272937065
   13.372841402   -0.257049061   -0.257725920   -0.257250941
   13.422923205   -0.239297604   -0.239950797   -0.239492127
   13.473005008   -0.227163868   -0.227794401   -0.227351848
   13.523086811   -0.223125670   -0.223734072   -0.223307542
   13.573168614   -0.221284213   -0.221870988   -0.221460530
   13.623250417   -0.210923992   -0.211488961   -0.211095101
   13.673332220   -0.182289720   -0.182831358   -0.182455372
   13.723414023   -0.158872391   -0.159388119   -0.159032395
   13.773495826   -0.153528048   -0.154013927   -0.153682624
   13.823577629   -0.156500949   -0.156951359   -0.156649842
   13.873659432   -0.159933578   -0.160342656   -0.160076142
   13.923741235   -0.155693235   -0.156069206   -0.155830287
   13.973823038   -0.149857042   -0.150298347   -0.149997616
   14.023904841   -0.148124197   -0.148783612   -0.148282312
   14.073986644   -0.148584863   -0.149311600   -0.148746973
   14.124068447   -0.149113652   -0.149814846   -0.149270596
   14.174150250   -0.147868334   -0.148537210   -0.148019633
   14.224232053   -0.145683419   -0.146321337   -0.145830253
   14.274313856   -0.134699597   -0.135311585   -0.134842382
   14.324395659   -0.114437231   -0.115027908   -0.114576192
   14.374477462   -0.097698945   -0.098271713   -0.097834334
   14.424559265   -0.086799252   -0.087356646   -0.086931394
   14.474641068   -0.080094194   -0.080637977   -0.080223145
   14.524722871   -0.077343223   -0.077874822   -0.077469085
   14.574804674   -0.069119845   -0.069640624   -0.069243024
   14.624886477   -0.055632430   -0.056143583   -0.055753165
   14.674968280   -0.051778806   -0.052281075   -0.051897007
   14.725050083   -0.047268896   -0.047762775   -0.047384393
   14.775131886   -0.033821596   -0.034307623   -0.033934267
   14.825213689   -0.022923894   -0.023402570   -0.023033537
   14.875295492   -0.011512880   -0.011984796   -0.011619252
   14.925377295    0.001448673    0.000982889    0.001345973
   14.975459098    0.005494076    0.005033760    0.005395548
   15.025540902    0.006469508    0.006013954    0.006375802
   15.075622705    0.006762147    0.006310572    0.006674173
   15.125704508    0.007868809    0.007421027    0.007786489
   15.175786311    0.009514431    0.009075094    0.009428761
   15.225868114    0.018167356    0.017750596    0.018051530
   15.275949917    0.027726425    0.027325688    0.027592293
   15.326031720    0.037569569    0.037173340    0.037438320
   15.376113523    0.048954781    0.048561201    0.048829455
   15.426195326    0.052992870    0.052602222    0.052872588
   15.476277129    0.052234352    0.051847025    0.052118087
   15.526358932    0.056435417    0.056051659    0.056322397
   15.576440735    0.061642553    0.061262509    0.061532270
   15.626522538    0.062338804    0.061962540    0.062230916
   15.676604341    0.063963927    0.063591438    0.063858135
   15.726686144    0.070889533    0.070520803    0.070785567
   15.776767947    0.080281746    0.079916733    0.080179403
   15.826849750    0.089159779    0.088798464    0.089058952
   15.876931553    0.095742104    0.095384445    0.095642682
   15.927013356    0.101205491    0.100851401    0.101107309
   15.977095159    0.111124959    0.110774333    0.111027892
   16.027176962    0.124831360    0.124484102    0.124735322
   16.077258765    0.135859647    0.135515647    0.135764520
   16.127340568    0.144261361    0.143920501    0.144167015
   16.177422371    0.148027676    0.147689772    0.147933913
   16.227504174    0.148099192    0.147764005    0.148005727
   16.277585977    0.149875795    0.149543059    0.149782317
   16.327667780    0.153171179    0.152840508    0.153077275
   16.377749583    0.157128900    0.156800050    0.157034318
   16.427831386    0.160145047    0.159819617    0.160051754
   16.477913189    0.163752059    0.163438040    0.163669747
   16.527994992    0.167505013    0.167203187    0.167434632
   16.578076795    0.172563179    0.172265085    0.172494534
   16.628158598    0.178689263    0.178392830    0.178619901
   16.678240401    0.184772850    0.184478152    0.184702909
   16.728322204    0.191996806    0.191704162    0.191926699
   16.778404007    0.197980839    0.197690522    0.197910916
   16.828485810    0.203967763    0.203679955    0.203898259
   16.878567613    0.212035800    0.211750622    0.211966890
   16.928649416    0.218966354    0.218683900    0.218898177
   16.978731219    0.225463418    0.225183773    0.225396092
   17.028813022    0.232943885    0.232667122    0.232877521
   17.078894825    0.240731495    0.240457675    0.240666190
   17.128976628    0.247183084    0.246912272    0.247118919
   17.179058431    0.250065396    0.249797745    0.250002518
   17.229140234    0.252926448    0.252662200    0.252865108
   17.279222037    0.258496762    0.258236172    0.258437239
   17.329303840    0.265848208    0.265591576    0.265790837
   17.379385643    0.271671887    0.271419690    0.271617168
   17.429467446    0.275432117    0.275185044    0.275380715
   17.479549249    0.279372663    0.279131677    0.279325487
   17.529631052    0.284337995    0.284104221    0.284296107
   17.579712855    0.290105830    0.289878493    0.290068524
   17.629794658    0.295239575    0.295004251    0.295193264
   17.679876461    0.298657938    0.298386019    0.298575638
   17.729958264    0.302854247    0.302568303    0.302757280
   17.780040067    0.306375617    0.306094970    0.306282243
   17.830121870    0.310126740    0.309853303    0.310038821
   17.880203673    0.315420635    0.315153316    0.315337154
   17.930285476    0.321197743    0.320935452    0.321117678
   17.980367279    0.325855671    0.325597616    0.325778289
   18.030449082    0.330042589    0.329788221    0.329967379
   18.080530885    0.334689522    0.334438445    0.334616118
   18.130612688    0.340542583    0.340294505    0.340470710
   18.180694491    0.345713966    0.345468667    0.345643433
   18.230776294    0.349554252    0.349311567    0.349484906
   18.280858097    0.352882865    0.352642653    0.352814594
   18.330939900    0.357690335    0.357452470    0.357623051
   18.381021703    0.363938470    0.363702866    0.363872103
   18.431103506    0.369796481    0.369563049    0.369730964
   18.481185309    0.374856728    0.374625390    0.374792013
   18.531267112    0.379408107    0.379178806    0.379344176
   18.581348915    0.382967607    0.382740303    0.382904418
   18.631430718    0.384710747    0.384485413    0.384648264
   18.681512521    0.388435830    0.388212414    0.388374009
   18.731594324    0.393338001    0.393116453    0.393276813
   18.781676127    0.397425384    0.397205674    0.397364811
   18.831757930    0.400854976    0.400637075    0.400795000
   18.881839733    0.404298372    0.404082259    0.404238972
   18.931921536    0.408616982    0.408402635    0.408558135
   18.982003339    0.412083171    0.411870572    0.412024857
   19.032085142    0.415352000    0.415141137    0.415294208
   19.082166945    0.419568006    0.419358816    0.419510741
   19.132248748    0.424103990    0.423896206    0.424047253
   19.182330551    0.428142340    0.427935920    0.428086138
   19.232412354    0.430859347    0.430654559    0.430803657
   19.282494157    0.432331592    0.432128496    0.432276391
   19.332575960    0.434851488    0.434650096    0.434796794
   19.382657763    0.437821925    0.437622208    0.437767713
   19.432739566    0.440483329    0.440285279    0.440429579
   19.482821369    0.444160095    0.443963758    0.444106847
   19.532903172    0.447933560    0.447738984    0.447880836
   19.582984975    0.451630935    0.451438196    0.451578757
   19.633066778    0.455168764    0.454977965    0.455117161
   19.683148581    0.458726801    0.458538086    0.458675796
   19.733230384    0.462478056    0.462291675    0.462427717
   19.783312187    0.466280413    0.466096673    0.466230829
   19.833393990    0.470015801    0.469834690    0.469967004
   19.883475793    0.473574904    0.473393772    0.473526435
   19.933557596    0.477085082    0.476895961    0.477035445
   19.983639399    0.480458451    0.480264810    0.480408367
   20.033721202    0.483542436    0.483350597    0.483493059
   20.083803005    0.486558680    0.486369231    0.486508940
   20.133884808    0.489406309    0.489217969    0.489354031
   20.183966611    0.492427175    0.492240226    0.492374231
   20.234048414    0.495438968    0.495253914    0.495386716
   20.284130217    0.498474817    0.498291577    0.498423332
   20.334212020    0.501624172    0.501442585    0.501573321
   20.384293823    0.504601589    0.504421565    0.504551318
   20.434375626    0.507682761    0.507504320    0.507633297
   20.484457429    0.510752820    0.510576015    0.510704660
   20.534539232    0.513749719    0.513574283    0.513702345
   20.584621035    0.516729205    0.516555033    0.516682206
   20.634702838    0.519405675    0.519232752    0.519359004
   20.684784641    0.522141442    0.521969752    0.522095122
   20.734866444    0.524817606    0.524647123    0.524771659
   20.784948247    0.527278853    0.527109564    0.527233311
   20.835030050    0.529832960    0.529664873    0.529787845
   20.885111853    0.532394716    0.532227781    0.532350009
   20.935193656    0.535144852    0.534978680    0.535100234
   20.985275459    0.538074322    0.537908137    0.538029069
   21.035357262    0.540980168    0.540814596    0.540934735
   21.085439065    0.543657713    0.543493711    0.543612598
   21.135520868    0.546217629    0.546055120    0.546172903
   21.185602671    0.548873853    0.548712455    0.548829507
   21.235684474    0.551586159    0.551425767    0.551542162
   21.285766277    0.554238373    0.554078962    0.554194704
   21.335848080    0.556839875    0.556681428    0.556796516
   21.385929883    0.559364649    0.559207149    0.559321579
   21.436011686    0.561856664    0.561700093    0.561813877
   21.486093489    0.564442244    0.564286604    0.564399738
   21.536175292    0.566999687    0.566844976    0.566957453
   21.586257095    0.569502093    0.569348299    0.569460122
   21.636338898    0.571987849    0.571834960    0.571946136
   21.686420701    0.574449807    0.574297820    0.574408354
   21.736502504    0.576897487    0.576746392    0.576856289
   21.786584307    0.579308565    0.579158352    0.579267611
   21.836666110    0.581710099    0.581560755    0.581669385
   21.886747913    0.584111758    0.583963272    0.584071282
   21.936829716    0.586492987    0.586345349    0.586452745
   21.986911519    0.588848997    0.588702199    0.588808988
   22.036993322    0.591186636    0.591040669    0.591146856
   22.087075125    0.593505479    0.593360333    0.593465924
   22.137156928    0.595804771    0.595660439    0.595765439
   22.187238731    0.598085212    0.597941685    0.598046100
   22.237320534    0.600347630    0.600204901    0.600308736
   22.287402337    0.602592759    0.602450820    0.602554079
   22.337484140    0.604821237    0.604680080    0.604782769
   22.387565943    0.607033629    0.606893247    0.606995372
   22.437647746    0.609230451    0.609090836    0.609192402
   22.487729549    0.611412179    0.611273323    0.611374335
   22.537811352    0.613579260    0.613441157    0.613541619
   22.587893155    0.615732119    0.615594762    0.615694680
   22.637974958    0.617871168    0.617734549    0.617833927
   22.688056761    0.619996801    0.619860915    0.619959758
   22.738138564    0.622109409    0.621974248    0.622072561
   22.788220367    0.624209371    0.624074929    0.624172716
   22.838302170    0.626297067    0.626163336    0.626260603
   22.888383973    0.628372870    0.628239845    0.628336596
   22.938465776    0.630437158    0.630304832    0.630401070
   22.988547579    0.632490306    0.632358673    0.632454403
   23.038629382    0.634532695    0.634401749    0.634496976
   23.088711185    0.636564712    0.636434446    0.636529175
   23.138792988    0.638586749    0.638457159    0.638551393
   23.188874791    0.640599211    0.640470289    0.640564032
   23.238956594    0.642602510    0.642474251    0.642567508
   23.289038397    0.644597076    0.644469474    0.644562250
   23.339120200    0.646583355    0.646456404    0.646548701
   23.389202003    0.648561812    0.648435506    0.648527330
   23.439283806    0.650532937    0.650407272    0.650498626
   23.489365609    0.652497252    0.652372221    0.652463109
   23.539447412    0.654455309    0.654330908    0.654421333
   23.589529215    0.656407706    0.656283928    0.656373895
   23.639611018    0.658355089    0.658231930    0.658321442
   23.689692821    0.660298167    0.660175621    0.660264683
   23.739774624    0.662237726    0.662115789    0.662204403
   23.789856427    0.664174649    0.664053314    0.664141485
   23.839938230    0.666109938    0.665989202    0.666076933
   23.890020033    0.668044756    0.667924613    0.668011908
   23.940101836    0.669980474    0.669860920    0.669947781
   23.990183639    0.671918746    0.671799774    0.671886207
   24.040265442    0.673861615    0.673743222    0.673829229
   24.090347245    0.675811685    0.675693866    0.675779450
   24.140429048    0.677772372    0.677655122    0.677740287
   24.190510851    0.679748291    0.679631605    0.679716354
   24.240592654    0.681745724    0.681629598    0.681713934
   24.290674457    0.683772432    0.683656861    0.683740789
   24.340756260    0.685831202    0.685716181    0.685799703
   24.390838063    0.687880122    0.687765648    0.687848767
   24.440919866    0.689787907    0.689673976    0.689756695
   24.491001669    0.691574472    0.691461078    0.691543400
   24.541083472    0.693493793    0.693380932    0.693462861
   24.591165275    0.695283964    0.695171632    0.695253171
   24.641247078    0.696622730    0.696510922    0.696592074
   24.691328881    0.697917032    0.697805745    0.697886513
   24.741410684    0.699634633    0.699523862    0.699604249
   24.791492487    0.701398485    0.701288227    0.701368235
   24.841574290    0.703380675    0.703270926    0.703350558
   24.891656093    0.705608577    0.705499333    0.705578593
   24.941737896    0.707879823    0.707771078    0.707849969
   24.991819699    0.710167337    0.710059089    0.710137613
   25.041901503    0.712461156    0.712353401    0.712431561
   25.091983306    0.714682151    0.714574885    0.714652683
   25.142065109    0.716963761    0.716856979    0.716934419
   25.192146912    0.719291054    0.719184754    0.719261837
   25.242228715    0.721445623    0.721339801    0.721416531
   25.292310518    0.723122325    0.723016977    0.723093356
   25.342392321    0.724873562    0.724768686    0.724844716
   25.392474124    0.726911003    0.726806594    0.726882279
   25.442555927    0.729309532    0.729205585    0.729280927
   25.492637730    0.731809456    0.731705968    0.731780969
   25.542719533    0.734221090    0.734118057    0.734192720
   25.592801336    0.736917211    0.736814629    0.736888957
   25.642883139    0.739037966    0.738935833    0.739009829
   25.692964942    0.740371902    0.740270214    0.740343881
   25.743046745    0.741734778    0.741633533    0.741706871
   25.793128548    0.743115200    0.743014393    0.743087405
   25.843210351    0.744925389    0.744825017    0.744897705
   25.893292154    0.746153225    0.746053286    0.746125653
   25.943373957    0.746344602    0.746245093    0.746317142
   25.993455760    0.747190365    0.747091280    0.747163012
   26.043537563    0.748995839    0.748897175    0.748968594
   26.093619366    0.751381007    0.751282764    0.751353871
   26.143701169    0.753657128    0.753559302    0.753630100
   26.193782972    0.755160273    0.755062859    0.755133350
   26.243864775    0.755660942    0.755563938    0.755634123
   26.293946578    0.754173175    0.754076578    0.754146462
   26.344028381    0.752630043    0.752533852    0.752603437
   26.394110184    0.751182349    0.751086558    0.751155846
   26.444191987    0.751216938    0.751121543    0.751190537
   26.494273790    0.751006138    0.750911138    0.750979837
   26.544355593    0.750681408    0.750586803    0.750655207
   26.594437396    0.747579644    0.747485434    0.747553547
   26.644519199    0.744099005    0.744005183    0.744073009
   26.694601002    0.743066495    0.742973055    0.743040598
   26.744682805    0.743157513    0.743064452    0.743131713
   26.794764608    0.744554492    0.744461811    0.744528789
   26.844846411    0.745653954    0.745561647    0.745628346
   26.894928214    0.746627205    0.746535269    0.746601692
   26.945010017    0.748139949    0.748048382    0.748114529
   26.995091820    0.749853200    0.749761998    0.749827872
   27.045173623    0.751462611    0.751371772    0.751437374
   27.095255426    0.753480008    0.753389530    0.753454860
   27.145337229    0.755921420    0.755831301    0.755896360
   27.195419032    0.757195252    0.757105490    0.757170281
   27.245500835    0.758033381    0.757943972    0.758008499
   27.295582638    0.759378950    0.759289892    0.759354156
   27.345664441    0.761275321    0.761186610    0.761250614
   27.395746244    0.763328515    0.763240148    0.763303894
   27.445828047    0.765224206    0.765136182    0.765199672
   27.495909850    0.764624589    0.764536906    0.764600140
   27.545991653    0.760036382    0.759949035    0.760012016
   27.596073456    0.759818815    0.759731804    0.759794533
   27.646155259    0.762865902    0.762779224    0.762841703
   27.696237062    0.764997657    0.764911308    0.764973540
   27.746318865    0.765429915    0.765343891    0.765405877
   27.796400668    0.767637793    0.767552093    0.767613835
   27.846482471    0.771825823    0.771740446    0.771801945
   27.896564274    0.775100510    0.775015455    0.775076712
   27.946646077    0.778074513    0.777989776    0.778050795
   27.996727880    0.780693287    0.780608864    0.780669646
   28.046809683    0.782640391    0.782556279    0.782616825
   28.096891486    0.781646320    0.781562516    0.781622827
   28.146973289    0.781508080    0.781424583    0.781484660
   28.197055092    0.781235314    0.781152123    0.781211967
   28.247136895    0.777732658    0.777649772    0.777709387
   28.297218698    0.772614545    0.772531963    0.772591349
   28.347300501    0.771015862    0.770933579    0.770992737
   28.397382304    0.769698911    0.769616922    0.769675857
   28.447464107    0.767744810    0.767663114    0.767721828
   28.497545910    0.767152716    0.767071311    0.767129805
   28.547627713    0.769569862    0.769488746    0.769547022
   28.597709516    0.772496881    0.772416051    0.772474112
   28.647791319    0.773612105    0.773531558    0.773589405
   28.697873122    0.775650327    0.775570061    0.775627692
   28.747954925    0.778191693    0.778111706    0.778169123
   28.798036728    0.778147442    0.778067730    0.778124935
   28.848118531    0.778684981    0.778605540    0.778662537
   28.898200334    0.779987717    0.779908546    0.779965337
   28.948282137    0.778130343    0.778051443    0.778108024
   28.998363940    0.774451101    0.774372470    0.774428840
   29.048445743    0.773777098    0.773698729    0.773754896
   29.098527546    0.775448772    0.775370663    0.775426628
   29.148609349    0.777891131    0.777813285    0.777869048
   29.198691152    0.781120134    0.781042550    0.781098111
   29.248772955    0.784543919    0.784466591    0.784521953
   29.298854758    0.787770576    0.787693500    0.787748667
   29.348936561    0.791708059    0.791631231    0.791686206
   29.399018364    0.794748787    0.794672208    0.794726991
   29.449100167    0.794377957    0.794301625    0.794356216
   29.499181970    0.792013152    0.791937064    0.791991464
   29.549263773    0.790264876    0.790189028    0.790243240
   29.599345576    0.788686771    0.788611162    0.788665187
   29.649427379    0.785588450    0.785513078    0.785566919
   29.699509182    0.783283394    0.783208255    0.783261916
   29.749590985    0.781070348    0.780995438    0.781048919
   29.799672788    0.779168466    0.779093784    0.779147084
   29.849754591    0.778026193    0.777951735    0.778004855
   29.899836394    0.777241597    0.777167359    0.777220305
   29.949918197    0.778227563    0.778153545    0.778206315
   30.000000000    0.780181049    0.780107247    0.780159841
